\addplot[mark=square, mark options={solid}, only marks, color6]
table{%
0.00  0.7776
10.00  0.8724
11.00  0.8746
12.00  0.8762
13.00  0.8783
14.00  0.8795
15.00  0.8810
16.00  0.8821
17.00  0.8834
18.00  0.8844
19.00  0.8856
20.00  0.8865
};\label{plot:random}
\addplot[mark=square, mark options={solid}, only marks, color7]
table{%
10.55  0.8844
11.02  0.8868
11.50  0.8894
11.99  0.8915
12.50  0.8936
12.97  0.8953
13.47  0.8969
13.98  0.8985
14.50  0.8998
14.99  0.9010
15.42  0.9017
15.95  0.9026
16.44  0.9033
16.98  0.9040
17.49  0.9045
18.00  0.9050
18.54  0.9054
19.04  0.9057
19.53  0.9058
};\label{plot:oracleth}
\addplot[mark=square, mark options={solid}, only marks, color8]
table{%
10.55  0.8761
11.02  0.8786
11.50  0.8810
11.99  0.8829
12.50  0.8848
12.97  0.8862
13.47  0.8874
13.98  0.8885
14.50  0.8894
14.99  0.8899
15.42  0.8903
15.95  0.8906
16.44  0.8906
16.98  0.8904
17.49  0.8901
18.00  0.8895
18.54  0.8890
19.04  0.8883
19.53  0.8875
};\label{plot:partoracleth}
\addplot[mark=diamond, mark options={solid}, only marks, color1]
table{%
14.42  0.8831
12.57  0.8788
11.35  0.8755
10.93  0.8742
17.51  0.8866
16.20  0.8851
14.79  0.8825
14.08  0.8809
19.02  0.8871
18.33  0.8869
17.55  0.8862
17.02  0.8852
19.71  0.8869
19.34  0.8870
18.93  0.8869
18.68  0.8866
19.93  0.8867
19.86  0.8867
19.70  0.8869
19.60  0.8869
19.99  0.8866
19.97  0.8866
19.94  0.8866
19.92  0.8867
20.00  0.8865
20.00  0.8865
20.00  0.8865
19.99  0.8866
20.00  0.8865
20.00  0.8865
20.00  0.8865
20.00  0.8865
};\label{plot:Storey}
\addplot[mark=diamond, mark options={solid}, only marks, color2]
table{%
14.41  0.8846
12.63  0.8806
11.35  0.8769
10.85  0.8750
15.99  0.8866
13.92  0.8834
12.32  0.8795
11.64  0.8770
17.54  0.8875
15.52  0.8855
13.76  0.8820
12.93  0.8799
18.94  0.8873
17.45  0.8867
15.78  0.8850
14.73  0.8831
19.90  0.8866
19.40  0.8868
18.42  0.8869
17.79  0.8862
20.00  0.8865
20.00  0.8865
19.81  0.8865
19.66  0.8867
20.00  0.8865
20.00  0.8865
20.00  0.8865
20.00  0.8865
20.00  0.8865
20.00  0.8865
20.00  0.8865
20.00  0.8865
};\label{plot:Quantile}
\addplot[mark=diamond, mark options={solid}, only marks, color4]
table{%
14.04  0.8846
12.18  0.8802
10.99  0.8759
10.56  0.8740
16.56  0.8872
14.68  0.8848
13.00  0.8810
12.16  0.8784
18.54  0.8877
17.26  0.8873
15.72  0.8856
14.87  0.8839
19.54  0.8870
19.03  0.8873
18.16  0.8872
17.63  0.8866
19.94  0.8866
19.77  0.8868
19.46  0.8870
19.26  0.8871
20.00  0.8866
19.98  0.8866
19.93  0.8866
19.89  0.8867
20.00  0.8865
20.00  0.8865
20.00  0.8865
20.00  0.8866
20.00  0.8865
20.00  0.8865
20.00  0.8865
20.00  0.8865
};\label{plot:Sum}
\addplot[mark=diamond, mark options={solid}, only marks, color3]
table{%
14.76  0.8845
12.66  0.8804
11.27  0.8761
10.81  0.8745
18.18  0.8872
16.79  0.8862
15.15  0.8838
14.36  0.8820
19.53  0.8869
19.00  0.8870
18.30  0.8868
17.83  0.8861
19.93  0.8866
19.78  0.8867
19.56  0.8868
19.40  0.8867
19.99  0.8865
19.97  0.8866
19.94  0.8866
19.92  0.8866
20.00  0.8865
20.00  0.8865
20.00  0.8865
19.99  0.8865
20.00  0.8865
20.00  0.8865
20.00  0.8865
20.00  0.8865
20.00  0.8865
20.00  0.8865
20.00  0.8865
20.00  0.8865
};\label{plot:Fisher}
