\addplot[semithick, solid, color7]
table{%
-0.0084  0.0000
-0.0083  0.0020
-0.0058  0.0040
-0.0039  0.0060
-0.0019  0.0080
-0.0010  0.0100
-0.0008  0.0120
0.0000  0.0140
0.0004  0.0160
0.0012  0.0180
0.0023  0.0220
0.0027  0.0240
0.0031  0.0260
0.0033  0.0280
0.0037  0.0360
0.0037  0.0360
0.0039  0.0400
0.0044  0.0420
0.0046  0.0460
0.0050  0.0480
0.0052  0.0540
0.0052  0.0540
0.0054  0.0580
0.0054  0.0580
0.0056  0.0600
0.0058  0.0620
0.0060  0.0700
0.0062  0.0760
0.0064  0.0780
0.0066  0.0800
0.0068  0.0820
0.0070  0.0900
0.0070  0.0900
0.0073  0.0940
0.0075  0.1020
0.0075  0.1020
0.0077  0.1040
0.0079  0.1100
0.0081  0.1180
0.0081  0.1180
0.0085  0.1200
0.0087  0.1260
0.0087  0.1260
0.0089  0.1280
0.0091  0.1360
0.0095  0.1400
0.0097  0.1420
0.0100  0.1460
0.0100  0.1460
0.0102  0.1500
0.0102  0.1500
0.0104  0.1560
0.0104  0.1560
0.0106  0.1580
0.0108  0.1640
0.0110  0.1700
0.0110  0.1700
0.0112  0.1740
0.0114  0.1780
0.0114  0.1780
0.0116  0.1860
0.0116  0.1860
0.0118  0.1960
0.0120  0.2000
0.0122  0.2060
0.0124  0.2180
0.0124  0.2180
0.0126  0.2260
0.0126  0.2260
0.0129  0.2380
0.0129  0.2380
0.0131  0.2480
0.0131  0.2480
0.0133  0.2640
0.0133  0.2640
0.0135  0.2740
0.0137  0.2780
0.0139  0.2840
0.0139  0.2840
0.0141  0.2920
0.0141  0.2920
0.0143  0.2980
0.0145  0.3040
0.0145  0.3040
0.0147  0.3100
0.0147  0.3100
0.0149  0.3140
0.0149  0.3140
0.0151  0.3220
0.0151  0.3220
0.0153  0.3300
0.0155  0.3360
0.0158  0.3460
0.0158  0.3460
0.0160  0.3640
0.0160  0.3640
0.0162  0.3680
0.0164  0.3760
0.0166  0.3820
0.0166  0.3820
0.0168  0.3860
0.0170  0.3940
0.0172  0.4020
0.0172  0.4020
0.0174  0.4080
0.0174  0.4080
0.0176  0.4200
0.0176  0.4200
0.0178  0.4280
0.0178  0.4280
0.0180  0.4340
0.0182  0.4460
0.0185  0.4520
0.0187  0.4580
0.0187  0.4580
0.0189  0.4620
0.0189  0.4620
0.0193  0.4640
0.0195  0.4780
0.0195  0.4780
0.0197  0.4880
0.0199  0.4980
0.0201  0.5000
0.0203  0.5160
0.0203  0.5160
0.0205  0.5280
0.0205  0.5280
0.0207  0.5400
0.0207  0.5400
0.0209  0.5420
0.0211  0.5520
0.0214  0.5600
0.0216  0.5620
0.0218  0.5740
0.0218  0.5740
0.0220  0.5840
0.0220  0.5840
0.0222  0.5920
0.0224  0.6000
0.0224  0.6000
0.0226  0.6120
0.0226  0.6120
0.0228  0.6160
0.0230  0.6320
0.0232  0.6360
0.0234  0.6420
0.0236  0.6500
0.0236  0.6500
0.0238  0.6520
0.0240  0.6640
0.0240  0.6640
0.0243  0.6700
0.0245  0.6740
0.0247  0.6760
0.0249  0.6840
0.0249  0.6840
0.0251  0.6900
0.0251  0.6900
0.0253  0.7020
0.0253  0.7020
0.0255  0.7120
0.0255  0.7120
0.0259  0.7180
0.0261  0.7240
0.0263  0.7420
0.0263  0.7420
0.0265  0.7440
0.0267  0.7460
0.0269  0.7540
0.0269  0.7540
0.0272  0.7620
0.0274  0.7640
0.0276  0.7680
0.0278  0.7760
0.0278  0.7760
0.0280  0.7820
0.0280  0.7820
0.0282  0.7880
0.0282  0.7880
0.0284  0.7940
0.0284  0.7940
0.0286  0.8060
0.0286  0.8060
0.0288  0.8120
0.0290  0.8180
0.0292  0.8280
0.0292  0.8280
0.0294  0.8300
0.0296  0.8340
0.0301  0.8380
0.0301  0.8380
0.0303  0.8440
0.0307  0.8460
0.0309  0.8500
0.0311  0.8540
0.0313  0.8580
0.0315  0.8680
0.0317  0.8720
0.0317  0.8720
0.0319  0.8760
0.0321  0.8800
0.0323  0.8860
0.0323  0.8860
0.0325  0.8940
0.0325  0.8940
0.0328  0.8960
0.0332  0.9000
0.0336  0.9020
0.0338  0.9060
0.0340  0.9100
0.0346  0.9140
0.0348  0.9180
0.0348  0.9180
0.0350  0.9240
0.0350  0.9240
0.0354  0.9280
0.0359  0.9300
0.0361  0.9320
0.0365  0.9380
0.0367  0.9440
0.0371  0.9460
0.0377  0.9500
0.0384  0.9520
0.0388  0.9560
0.0388  0.9560
0.0390  0.9580
0.0392  0.9620
0.0394  0.9640
0.0400  0.9660
0.0402  0.9680
0.0408  0.9720
0.0410  0.9740
0.0413  0.9760
0.0415  0.9780
0.0417  0.9820
0.0417  0.9820
0.0437  0.9840
0.0444  0.9860
0.0466  0.9880
0.0475  0.9900
0.0510  0.9920
0.0535  0.9940
0.0551  0.9960
0.0553  0.9980
0.0647  1.0000
};\label{plot:oracleth_comp}
\addplot[semithick, solid, color8]
table{%
-0.0075  0.0000
-0.0075  0.0020
-0.0060  0.0040
-0.0056  0.0080
-0.0048  0.0100
-0.0046  0.0140
-0.0044  0.0160
-0.0039  0.0180
-0.0035  0.0200
-0.0031  0.0220
-0.0029  0.0240
-0.0027  0.0280
-0.0025  0.0320
-0.0025  0.0320
-0.0023  0.0360
-0.0021  0.0380
-0.0019  0.0480
-0.0019  0.0480
-0.0017  0.0500
-0.0015  0.0540
-0.0012  0.0560
-0.0010  0.0620
-0.0010  0.0620
-0.0008  0.0640
-0.0004  0.0680
-0.0004  0.0680
-0.0002  0.0700
0.0000  0.0760
0.0002  0.0840
0.0002  0.0840
0.0004  0.0900
0.0006  0.1000
0.0006  0.1000
0.0008  0.1040
0.0008  0.1040
0.0010  0.1140
0.0010  0.1140
0.0012  0.1260
0.0012  0.1260
0.0015  0.1280
0.0017  0.1380
0.0019  0.1500
0.0021  0.1600
0.0021  0.1600
0.0023  0.1620
0.0025  0.1700
0.0025  0.1700
0.0027  0.1820
0.0027  0.1820
0.0029  0.1840
0.0031  0.2040
0.0033  0.2140
0.0033  0.2140
0.0035  0.2200
0.0037  0.2340
0.0037  0.2340
0.0039  0.2380
0.0039  0.2380
0.0041  0.2540
0.0041  0.2540
0.0044  0.2680
0.0046  0.2980
0.0048  0.3200
0.0048  0.3200
0.0050  0.3400
0.0052  0.3460
0.0054  0.3620
0.0054  0.3620
0.0056  0.3860
0.0056  0.3860
0.0058  0.3960
0.0060  0.4080
0.0060  0.4080
0.0062  0.4200
0.0062  0.4200
0.0064  0.4340
0.0064  0.4340
0.0066  0.4480
0.0066  0.4480
0.0068  0.4580
0.0068  0.4580
0.0070  0.4680
0.0070  0.4680
0.0073  0.4800
0.0073  0.4800
0.0075  0.4960
0.0075  0.4960
0.0077  0.5060
0.0079  0.5200
0.0081  0.5300
0.0081  0.5300
0.0083  0.5360
0.0083  0.5360
0.0085  0.5440
0.0085  0.5440
0.0087  0.5560
0.0087  0.5560
0.0089  0.5640
0.0089  0.5640
0.0091  0.5760
0.0093  0.5880
0.0093  0.5880
0.0095  0.6020
0.0095  0.6020
0.0097  0.6060
0.0097  0.6060
0.0100  0.6220
0.0100  0.6220
0.0102  0.6380
0.0102  0.6380
0.0104  0.6500
0.0104  0.6500
0.0106  0.6700
0.0108  0.6900
0.0110  0.7000
0.0112  0.7140
0.0112  0.7140
0.0114  0.7240
0.0114  0.7240
0.0116  0.7280
0.0118  0.7380
0.0118  0.7380
0.0120  0.7400
0.0122  0.7560
0.0122  0.7560
0.0124  0.7620
0.0126  0.7700
0.0129  0.7760
0.0131  0.7820
0.0133  0.7920
0.0133  0.7920
0.0135  0.8000
0.0135  0.8000
0.0137  0.8060
0.0139  0.8120
0.0141  0.8180
0.0143  0.8300
0.0143  0.8300
0.0145  0.8320
0.0147  0.8400
0.0147  0.8400
0.0149  0.8420
0.0151  0.8460
0.0151  0.8460
0.0153  0.8500
0.0155  0.8560
0.0158  0.8660
0.0158  0.8660
0.0160  0.8700
0.0160  0.8700
0.0162  0.8780
0.0162  0.8780
0.0164  0.8840
0.0164  0.8840
0.0166  0.8900
0.0166  0.8900
0.0168  0.8940
0.0170  0.8960
0.0172  0.9020
0.0172  0.9020
0.0174  0.9060
0.0174  0.9060
0.0176  0.9100
0.0178  0.9140
0.0178  0.9140
0.0185  0.9180
0.0187  0.9260
0.0189  0.9280
0.0191  0.9320
0.0191  0.9320
0.0193  0.9420
0.0195  0.9440
0.0197  0.9460
0.0199  0.9480
0.0201  0.9500
0.0203  0.9520
0.0205  0.9560
0.0207  0.9620
0.0222  0.9640
0.0226  0.9680
0.0228  0.9720
0.0230  0.9740
0.0234  0.9760
0.0236  0.9820
0.0236  0.9820
0.0243  0.9840
0.0245  0.9860
0.0247  0.9880
0.0255  0.9900
0.0259  0.9920
0.0288  0.9940
0.0292  0.9960
0.0299  0.9980
0.0344  1.0000
};\label{plot:partoracleth_comp}
\addplot[semithick, solid, color1]
table{%
-0.0341  0.0000
-0.0340  0.0020
-0.0321  0.0040
-0.0319  0.0060
-0.0298  0.0080
-0.0269  0.0100
-0.0209  0.0120
-0.0195  0.0160
-0.0174  0.0180
-0.0164  0.0200
-0.0162  0.0220
-0.0160  0.0260
-0.0155  0.0280
-0.0147  0.0320
-0.0147  0.0320
-0.0145  0.0340
-0.0143  0.0360
-0.0141  0.0400
-0.0135  0.0420
-0.0133  0.0440
-0.0131  0.0460
-0.0129  0.0480
-0.0124  0.0500
-0.0114  0.0520
-0.0112  0.0560
-0.0112  0.0560
-0.0110  0.0580
-0.0102  0.0600
-0.0099  0.0660
-0.0099  0.0660
-0.0097  0.0680
-0.0095  0.0720
-0.0093  0.0740
-0.0091  0.0760
-0.0089  0.0800
-0.0087  0.0820
-0.0085  0.0880
-0.0085  0.0880
-0.0081  0.0900
-0.0079  0.0920
-0.0070  0.0940
-0.0068  0.0960
-0.0066  0.1040
-0.0066  0.1040
-0.0064  0.1080
-0.0064  0.1080
-0.0062  0.1140
-0.0060  0.1180
-0.0058  0.1240
-0.0058  0.1240
-0.0056  0.1260
-0.0054  0.1280
-0.0052  0.1320
-0.0052  0.1320
-0.0050  0.1440
-0.0050  0.1440
-0.0048  0.1480
-0.0048  0.1480
-0.0044  0.1500
-0.0041  0.1560
-0.0039  0.1600
-0.0037  0.1640
-0.0037  0.1640
-0.0035  0.1720
-0.0035  0.1720
-0.0033  0.1820
-0.0033  0.1820
-0.0029  0.1960
-0.0027  0.2020
-0.0027  0.2020
-0.0025  0.2060
-0.0025  0.2060
-0.0023  0.2160
-0.0023  0.2160
-0.0021  0.2220
-0.0019  0.2320
-0.0017  0.2360
-0.0015  0.2440
-0.0012  0.2460
-0.0010  0.2520
-0.0010  0.2520
-0.0008  0.2600
-0.0008  0.2600
-0.0006  0.2680
-0.0006  0.2680
-0.0004  0.2740
-0.0004  0.2740
-0.0002  0.2800
-0.0002  0.2800
0.0000  0.2880
0.0002  0.3020
0.0004  0.3160
0.0004  0.3160
0.0006  0.3260
0.0006  0.3260
0.0008  0.3280
0.0010  0.3400
0.0012  0.3480
0.0015  0.3720
0.0015  0.3720
0.0017  0.3760
0.0019  0.3820
0.0019  0.3820
0.0021  0.3920
0.0021  0.3920
0.0023  0.4100
0.0023  0.4100
0.0025  0.4220
0.0025  0.4220
0.0027  0.4380
0.0027  0.4380
0.0029  0.4460
0.0031  0.4640
0.0033  0.4780
0.0035  0.4940
0.0035  0.4940
0.0037  0.5180
0.0037  0.5180
0.0039  0.5340
0.0039  0.5340
0.0041  0.5460
0.0041  0.5460
0.0044  0.5620
0.0044  0.5620
0.0046  0.5800
0.0048  0.6000
0.0048  0.6000
0.0050  0.6120
0.0050  0.6120
0.0052  0.6200
0.0052  0.6200
0.0054  0.6420
0.0054  0.6420
0.0056  0.6440
0.0058  0.6500
0.0060  0.6700
0.0062  0.6780
0.0064  0.6920
0.0064  0.6920
0.0066  0.7120
0.0066  0.7120
0.0068  0.7280
0.0068  0.7280
0.0070  0.7380
0.0070  0.7380
0.0073  0.7420
0.0075  0.7520
0.0077  0.7580
0.0077  0.7580
0.0079  0.7700
0.0079  0.7700
0.0081  0.7820
0.0083  0.7860
0.0085  0.7940
0.0085  0.7940
0.0087  0.7980
0.0087  0.7980
0.0089  0.8040
0.0091  0.8140
0.0093  0.8160
0.0095  0.8220
0.0095  0.8220
0.0097  0.8320
0.0097  0.8320
0.0100  0.8340
0.0102  0.8360
0.0104  0.8400
0.0106  0.8580
0.0108  0.8620
0.0112  0.8660
0.0112  0.8660
0.0114  0.8680
0.0116  0.8700
0.0118  0.8720
0.0120  0.8780
0.0122  0.8860
0.0122  0.8860
0.0124  0.8940
0.0124  0.8940
0.0126  0.8960
0.0131  0.9020
0.0133  0.9040
0.0135  0.9120
0.0135  0.9120
0.0137  0.9160
0.0139  0.9200
0.0141  0.9240
0.0143  0.9300
0.0145  0.9320
0.0147  0.9340
0.0149  0.9420
0.0151  0.9520
0.0151  0.9520
0.0153  0.9560
0.0155  0.9600
0.0158  0.9660
0.0158  0.9660
0.0162  0.9700
0.0168  0.9720
0.0170  0.9740
0.0172  0.9780
0.0172  0.9780
0.0185  0.9800
0.0187  0.9840
0.0187  0.9840
0.0205  0.9900
0.0205  0.9900
0.0214  0.9920
0.0243  0.9940
0.0272  0.9960
0.0288  0.9980
0.0292  1.0000
};\label{plot:Storey_comp}
\addplot[semithick, solid, color2]
table{%
-0.0403  0.0000
-0.0402  0.0020
-0.0321  0.0040
-0.0282  0.0060
-0.0269  0.0080
-0.0259  0.0100
-0.0253  0.0120
-0.0243  0.0140
-0.0230  0.0160
-0.0220  0.0180
-0.0218  0.0200
-0.0214  0.0220
-0.0211  0.0240
-0.0195  0.0260
-0.0187  0.0280
-0.0180  0.0300
-0.0178  0.0320
-0.0176  0.0360
-0.0176  0.0360
-0.0174  0.0380
-0.0170  0.0400
-0.0164  0.0420
-0.0162  0.0480
-0.0162  0.0480
-0.0160  0.0500
-0.0153  0.0520
-0.0149  0.0540
-0.0147  0.0560
-0.0145  0.0600
-0.0145  0.0600
-0.0143  0.0620
-0.0141  0.0720
-0.0141  0.0720
-0.0139  0.0760
-0.0139  0.0760
-0.0137  0.0800
-0.0135  0.0820
-0.0131  0.0880
-0.0131  0.0880
-0.0129  0.0920
-0.0129  0.0920
-0.0126  0.1000
-0.0126  0.1000
-0.0124  0.1040
-0.0120  0.1060
-0.0118  0.1080
-0.0116  0.1100
-0.0112  0.1240
-0.0112  0.1240
-0.0110  0.1280
-0.0108  0.1340
-0.0106  0.1360
-0.0104  0.1400
-0.0104  0.1400
-0.0102  0.1420
-0.0099  0.1460
-0.0097  0.1520
-0.0097  0.1520
-0.0095  0.1540
-0.0091  0.1600
-0.0089  0.1620
-0.0087  0.1640
-0.0085  0.1720
-0.0083  0.1800
-0.0083  0.1800
-0.0081  0.1820
-0.0079  0.1840
-0.0077  0.1880
-0.0077  0.1880
-0.0075  0.1940
-0.0070  0.1980
-0.0070  0.1980
-0.0068  0.2020
-0.0068  0.2020
-0.0066  0.2080
-0.0066  0.2080
-0.0064  0.2120
-0.0062  0.2180
-0.0060  0.2220
-0.0058  0.2280
-0.0058  0.2280
-0.0056  0.2340
-0.0056  0.2340
-0.0054  0.2380
-0.0052  0.2420
-0.0052  0.2420
-0.0050  0.2460
-0.0046  0.2520
-0.0041  0.2660
-0.0041  0.2660
-0.0039  0.2700
-0.0035  0.2740
-0.0033  0.2840
-0.0033  0.2840
-0.0031  0.2900
-0.0029  0.2980
-0.0027  0.3000
-0.0025  0.3020
-0.0023  0.3080
-0.0023  0.3080
-0.0021  0.3180
-0.0019  0.3340
-0.0019  0.3340
-0.0017  0.3460
-0.0015  0.3540
-0.0010  0.3580
-0.0010  0.3580
-0.0008  0.3660
-0.0008  0.3660
-0.0006  0.3740
-0.0006  0.3740
-0.0004  0.3780
-0.0002  0.3840
0.0000  0.3860
0.0002  0.3960
0.0004  0.4080
0.0004  0.4080
0.0006  0.4200
0.0006  0.4200
0.0008  0.4300
0.0008  0.4300
0.0010  0.4380
0.0010  0.4380
0.0012  0.4500
0.0015  0.4580
0.0017  0.4640
0.0019  0.4720
0.0019  0.4720
0.0021  0.4820
0.0021  0.4820
0.0023  0.4960
0.0023  0.4960
0.0025  0.5020
0.0025  0.5020
0.0027  0.5140
0.0027  0.5140
0.0029  0.5240
0.0029  0.5240
0.0031  0.5420
0.0033  0.5500
0.0033  0.5500
0.0035  0.5620
0.0035  0.5620
0.0037  0.5780
0.0037  0.5780
0.0039  0.5880
0.0039  0.5880
0.0041  0.5960
0.0041  0.5960
0.0044  0.6060
0.0044  0.6060
0.0046  0.6140
0.0046  0.6140
0.0048  0.6280
0.0048  0.6280
0.0050  0.6380
0.0050  0.6380
0.0052  0.6500
0.0052  0.6500
0.0054  0.6620
0.0054  0.6620
0.0056  0.6840
0.0056  0.6840
0.0058  0.6920
0.0060  0.7020
0.0060  0.7020
0.0062  0.7080
0.0064  0.7120
0.0066  0.7220
0.0066  0.7220
0.0068  0.7400
0.0068  0.7400
0.0070  0.7500
0.0070  0.7500
0.0073  0.7580
0.0073  0.7580
0.0075  0.7640
0.0077  0.7720
0.0077  0.7720
0.0081  0.7760
0.0083  0.7800
0.0083  0.7800
0.0085  0.7880
0.0085  0.7880
0.0087  0.7980
0.0087  0.7980
0.0091  0.8060
0.0093  0.8120
0.0095  0.8180
0.0095  0.8180
0.0097  0.8240
0.0097  0.8240
0.0100  0.8320
0.0100  0.8320
0.0102  0.8360
0.0104  0.8400
0.0104  0.8400
0.0106  0.8520
0.0108  0.8560
0.0110  0.8600
0.0112  0.8720
0.0112  0.8720
0.0114  0.8740
0.0116  0.8760
0.0118  0.8860
0.0118  0.8860
0.0120  0.8900
0.0122  0.8940
0.0126  0.9020
0.0126  0.9020
0.0129  0.9040
0.0131  0.9080
0.0133  0.9120
0.0135  0.9160
0.0139  0.9220
0.0141  0.9280
0.0143  0.9300
0.0147  0.9360
0.0147  0.9360
0.0149  0.9380
0.0151  0.9400
0.0155  0.9440
0.0162  0.9500
0.0162  0.9500
0.0166  0.9520
0.0168  0.9540
0.0172  0.9560
0.0176  0.9600
0.0180  0.9640
0.0180  0.9640
0.0185  0.9660
0.0195  0.9680
0.0197  0.9720
0.0197  0.9720
0.0201  0.9740
0.0211  0.9760
0.0216  0.9780
0.0218  0.9800
0.0220  0.9820
0.0228  0.9840
0.0230  0.9860
0.0232  0.9880
0.0234  0.9900
0.0236  0.9920
0.0247  0.9940
0.0274  0.9960
0.0278  0.9980
0.0344  1.0000
};\label{plot:Quantile_comp}
\addplot[semithick, solid, color4]
table{%
-0.0322  0.0000
-0.0321  0.0020
-0.0269  0.0040
-0.0243  0.0060
-0.0240  0.0080
-0.0220  0.0100
-0.0218  0.0120
-0.0214  0.0140
-0.0211  0.0160
-0.0209  0.0180
-0.0182  0.0220
-0.0180  0.0240
-0.0166  0.0260
-0.0164  0.0280
-0.0160  0.0300
-0.0147  0.0340
-0.0145  0.0360
-0.0141  0.0440
-0.0141  0.0440
-0.0139  0.0460
-0.0137  0.0500
-0.0135  0.0520
-0.0133  0.0560
-0.0133  0.0560
-0.0131  0.0580
-0.0126  0.0600
-0.0124  0.0660
-0.0122  0.0680
-0.0120  0.0700
-0.0116  0.0720
-0.0112  0.0800
-0.0112  0.0800
-0.0110  0.0860
-0.0110  0.0860
-0.0108  0.0900
-0.0102  0.0920
-0.0099  0.0980
-0.0099  0.0980
-0.0097  0.1000
-0.0095  0.1020
-0.0093  0.1040
-0.0091  0.1080
-0.0089  0.1120
-0.0087  0.1140
-0.0083  0.1160
-0.0081  0.1200
-0.0081  0.1200
-0.0079  0.1220
-0.0073  0.1260
-0.0070  0.1280
-0.0068  0.1320
-0.0066  0.1340
-0.0062  0.1440
-0.0060  0.1500
-0.0058  0.1560
-0.0058  0.1560
-0.0056  0.1580
-0.0052  0.1620
-0.0050  0.1700
-0.0050  0.1700
-0.0048  0.1740
-0.0046  0.1820
-0.0044  0.1840
-0.0041  0.1920
-0.0041  0.1920
-0.0039  0.1960
-0.0037  0.1980
-0.0035  0.2080
-0.0035  0.2080
-0.0033  0.2160
-0.0033  0.2160
-0.0031  0.2180
-0.0029  0.2260
-0.0029  0.2260
-0.0027  0.2300
-0.0025  0.2360
-0.0025  0.2360
-0.0023  0.2460
-0.0023  0.2460
-0.0021  0.2520
-0.0019  0.2660
-0.0017  0.2740
-0.0015  0.2880
-0.0012  0.2960
-0.0010  0.3040
-0.0010  0.3040
-0.0008  0.3100
-0.0006  0.3140
-0.0004  0.3160
-0.0002  0.3240
0.0000  0.3300
0.0002  0.3360
0.0004  0.3520
0.0004  0.3520
0.0006  0.3660
0.0006  0.3660
0.0008  0.3800
0.0008  0.3800
0.0010  0.3900
0.0010  0.3900
0.0012  0.3960
0.0015  0.4120
0.0015  0.4120
0.0017  0.4240
0.0017  0.4240
0.0019  0.4300
0.0021  0.4380
0.0021  0.4380
0.0023  0.4520
0.0023  0.4520
0.0025  0.4600
0.0025  0.4600
0.0027  0.4740
0.0027  0.4740
0.0029  0.4840
0.0031  0.4980
0.0033  0.5100
0.0033  0.5100
0.0035  0.5200
0.0035  0.5200
0.0037  0.5340
0.0039  0.5500
0.0039  0.5500
0.0041  0.5560
0.0044  0.5740
0.0044  0.5740
0.0046  0.5820
0.0048  0.5940
0.0048  0.5940
0.0050  0.6040
0.0050  0.6040
0.0052  0.6160
0.0052  0.6160
0.0054  0.6320
0.0054  0.6320
0.0056  0.6380
0.0056  0.6380
0.0058  0.6460
0.0060  0.6620
0.0062  0.6740
0.0064  0.6800
0.0066  0.6940
0.0066  0.6940
0.0068  0.7120
0.0068  0.7120
0.0070  0.7240
0.0070  0.7240
0.0073  0.7280
0.0073  0.7280
0.0075  0.7360
0.0077  0.7420
0.0077  0.7420
0.0079  0.7460
0.0079  0.7460
0.0081  0.7500
0.0085  0.7600
0.0085  0.7600
0.0087  0.7740
0.0087  0.7740
0.0089  0.7840
0.0091  0.7940
0.0093  0.8000
0.0095  0.8100
0.0095  0.8100
0.0097  0.8160
0.0097  0.8160
0.0100  0.8220
0.0100  0.8220
0.0102  0.8280
0.0104  0.8320
0.0104  0.8320
0.0106  0.8400
0.0108  0.8480
0.0110  0.8500
0.0112  0.8560
0.0112  0.8560
0.0114  0.8600
0.0114  0.8600
0.0116  0.8640
0.0116  0.8640
0.0118  0.8720
0.0118  0.8720
0.0120  0.8800
0.0122  0.8840
0.0124  0.8860
0.0126  0.8900
0.0129  0.8920
0.0131  0.8960
0.0135  0.9060
0.0135  0.9060
0.0137  0.9080
0.0139  0.9120
0.0141  0.9200
0.0143  0.9220
0.0145  0.9240
0.0149  0.9280
0.0151  0.9300
0.0153  0.9340
0.0155  0.9380
0.0155  0.9380
0.0158  0.9400
0.0162  0.9480
0.0162  0.9480
0.0164  0.9520
0.0166  0.9540
0.0172  0.9560
0.0174  0.9580
0.0176  0.9600
0.0178  0.9620
0.0180  0.9660
0.0180  0.9660
0.0185  0.9680
0.0193  0.9700
0.0199  0.9740
0.0199  0.9740
0.0203  0.9760
0.0207  0.9780
0.0216  0.9800
0.0220  0.9820
0.0228  0.9840
0.0234  0.9860
0.0236  0.9900
0.0236  0.9900
0.0247  0.9920
0.0261  0.9940
0.0265  0.9960
0.0274  0.9980
0.0344  1.0000
};\label{plot:Sum_comp}
\addplot[semithick, solid, color3]
table{%
-0.0322  0.0000
-0.0321  0.0020
-0.0269  0.0040
-0.0243  0.0060
-0.0220  0.0080
-0.0209  0.0100
-0.0195  0.0120
-0.0166  0.0140
-0.0164  0.0160
-0.0147  0.0180
-0.0143  0.0200
-0.0141  0.0240
-0.0135  0.0260
-0.0133  0.0280
-0.0131  0.0300
-0.0129  0.0320
-0.0124  0.0360
-0.0122  0.0380
-0.0114  0.0400
-0.0112  0.0440
-0.0112  0.0440
-0.0110  0.0460
-0.0102  0.0480
-0.0099  0.0520
-0.0099  0.0520
-0.0097  0.0540
-0.0095  0.0560
-0.0091  0.0600
-0.0089  0.0640
-0.0085  0.0700
-0.0085  0.0700
-0.0079  0.0740
-0.0075  0.0760
-0.0068  0.0780
-0.0066  0.0840
-0.0066  0.0840
-0.0062  0.0880
-0.0060  0.0940
-0.0058  0.0980
-0.0058  0.0980
-0.0056  0.1000
-0.0054  0.1020
-0.0052  0.1040
-0.0050  0.1080
-0.0048  0.1200
-0.0048  0.1200
-0.0046  0.1240
-0.0041  0.1280
-0.0039  0.1320
-0.0037  0.1380
-0.0037  0.1380
-0.0035  0.1440
-0.0035  0.1440
-0.0033  0.1520
-0.0033  0.1520
-0.0031  0.1540
-0.0029  0.1600
-0.0027  0.1640
-0.0025  0.1680
-0.0023  0.1740
-0.0023  0.1740
-0.0021  0.1800
-0.0021  0.1800
-0.0019  0.1900
-0.0019  0.1900
-0.0017  0.1960
-0.0017  0.1960
-0.0015  0.2040
-0.0012  0.2120
-0.0010  0.2200
-0.0010  0.2200
-0.0008  0.2300
-0.0008  0.2300
-0.0006  0.2460
-0.0006  0.2460
-0.0004  0.2480
-0.0002  0.2540
-0.0002  0.2540
0.0000  0.2660
0.0002  0.2780
0.0002  0.2780
0.0004  0.2900
0.0004  0.2900
0.0006  0.3000
0.0006  0.3000
0.0008  0.3080
0.0008  0.3080
0.0010  0.3160
0.0012  0.3300
0.0012  0.3300
0.0015  0.3440
0.0015  0.3440
0.0017  0.3500
0.0019  0.3560
0.0019  0.3560
0.0021  0.3700
0.0021  0.3700
0.0023  0.3800
0.0023  0.3800
0.0025  0.3900
0.0025  0.3900
0.0027  0.4000
0.0027  0.4000
0.0029  0.4100
0.0031  0.4240
0.0033  0.4280
0.0035  0.4540
0.0035  0.4540
0.0037  0.4700
0.0037  0.4700
0.0039  0.4820
0.0039  0.4820
0.0041  0.5000
0.0041  0.5000
0.0044  0.5180
0.0044  0.5180
0.0046  0.5240
0.0048  0.5420
0.0048  0.5420
0.0050  0.5560
0.0050  0.5560
0.0052  0.5600
0.0054  0.5760
0.0054  0.5760
0.0056  0.5900
0.0056  0.5900
0.0058  0.5980
0.0060  0.6120
0.0062  0.6220
0.0064  0.6440
0.0064  0.6440
0.0066  0.6560
0.0066  0.6560
0.0068  0.6780
0.0068  0.6780
0.0070  0.6920
0.0070  0.6920
0.0075  0.7060
0.0077  0.7140
0.0077  0.7140
0.0079  0.7240
0.0081  0.7280
0.0083  0.7340
0.0083  0.7340
0.0085  0.7440
0.0085  0.7440
0.0087  0.7480
0.0087  0.7480
0.0089  0.7580
0.0091  0.7680
0.0093  0.7740
0.0095  0.7820
0.0095  0.7820
0.0097  0.7980
0.0097  0.7980
0.0100  0.8000
0.0102  0.8140
0.0102  0.8140
0.0104  0.8180
0.0106  0.8260
0.0108  0.8320
0.0112  0.8420
0.0112  0.8420
0.0114  0.8460
0.0118  0.8480
0.0120  0.8660
0.0120  0.8660
0.0122  0.8720
0.0122  0.8720
0.0124  0.8760
0.0124  0.8760
0.0126  0.8780
0.0131  0.8880
0.0133  0.8900
0.0135  0.8940
0.0135  0.8940
0.0137  0.8960
0.0139  0.8980
0.0141  0.9080
0.0143  0.9100
0.0147  0.9120
0.0149  0.9140
0.0151  0.9220
0.0151  0.9220
0.0153  0.9280
0.0155  0.9320
0.0158  0.9360
0.0158  0.9360
0.0160  0.9420
0.0160  0.9420
0.0162  0.9480
0.0166  0.9520
0.0170  0.9540
0.0172  0.9560
0.0178  0.9600
0.0178  0.9600
0.0180  0.9620
0.0185  0.9680
0.0185  0.9680
0.0187  0.9740
0.0187  0.9740
0.0205  0.9780
0.0216  0.9800
0.0218  0.9820
0.0220  0.9840
0.0224  0.9860
0.0228  0.9880
0.0234  0.9900
0.0236  0.9920
0.0238  0.9940
0.0247  0.9960
0.0274  0.9980
0.0344  1.0000
};\label{plot:Fisher_comp}
