\addplot[mark=square, mark options={solid}, only marks, color6]
table{%
0.00  0.9056
10.00  0.9784
11.00  0.9789
12.00  0.9794
13.00  0.9798
14.00  0.9802
15.00  0.9806
16.00  0.9810
17.00  0.9813
18.00  0.9816
19.00  0.9818
20.00  0.9820
};\label{plot:random}
\addplot[mark=square, mark options={solid}, only marks, color7]
table{%
10.49  0.9484
11.02  0.9495
11.49  0.9507
12.05  0.9519
12.53  0.9529
13.00  0.9537
13.46  0.9544
13.96  0.9548
14.46  0.9553
14.94  0.9558
15.47  0.9563
15.93  0.9566
16.38  0.9570
16.91  0.9572
17.44  0.9577
17.97  0.9580
18.45  0.9580
19.00  0.9581
19.43  0.9581
};\label{plot:oracleth}
\addplot[mark=square, mark options={solid}, only marks, color8]
table{%
10.49  0.9788
11.02  0.9791
11.49  0.9794
12.05  0.9797
12.53  0.9799
13.00  0.9801
13.46  0.9803
13.96  0.9805
14.46  0.9807
14.94  0.9809
15.47  0.9811
15.93  0.9812
16.38  0.9813
16.91  0.9815
17.44  0.9816
17.97  0.9817
18.45  0.9818
19.00  0.9819
19.43  0.9820
};\label{plot:partoracleth}
\addplot[mark=diamond, mark options={solid}, only marks, color1]
table{%
11.20  0.9791
10.53  0.9787
10.15  0.9785
10.06  0.9784
12.47  0.9798
11.63  0.9794
10.80  0.9788
10.46  0.9786
13.88  0.9804
12.96  0.9801
12.06  0.9796
11.44  0.9792
15.13  0.9809
14.24  0.9806
13.41  0.9802
12.83  0.9799
16.25  0.9813
15.52  0.9810
14.86  0.9807
14.43  0.9806
17.29  0.9815
16.64  0.9814
16.07  0.9812
15.71  0.9811
18.25  0.9818
17.76  0.9817
17.27  0.9815
17.01  0.9814
19.22  0.9819
18.74  0.9819
18.37  0.9818
18.16  0.9818
};\label{plot:Storey}
\addplot[mark=diamond, mark options={solid}, only marks, color2]
table{%
12.70  0.9799
11.46  0.9793
10.62  0.9788
10.33  0.9786
13.49  0.9803
12.26  0.9797
11.18  0.9791
10.72  0.9788
14.23  0.9806
13.12  0.9801
11.95  0.9795
11.34  0.9791
15.11  0.9809
14.02  0.9805
12.97  0.9800
12.23  0.9795
16.21  0.9812
15.32  0.9810
14.39  0.9806
13.74  0.9803
19.57  0.9819
17.33  0.9814
15.90  0.9811
15.40  0.9809
20.00  0.9820
20.00  0.9820
19.36  0.9818
18.89  0.9817
20.00  0.9820
20.00  0.9820
20.00  0.9820
20.00  0.9820
};\label{plot:Quantile}
\addplot[mark=diamond, mark options={solid}, only marks, color4]
table{%
11.79  0.9795
10.85  0.9789
10.25  0.9785
10.11  0.9785
13.06  0.9801
11.93  0.9796
10.97  0.9790
10.50  0.9787
14.43  0.9806
13.29  0.9802
12.21  0.9797
11.59  0.9793
15.66  0.9810
14.74  0.9807
13.75  0.9803
13.07  0.9800
16.82  0.9814
15.97  0.9811
15.18  0.9809
14.72  0.9807
17.93  0.9817
17.14  0.9815
16.51  0.9813
16.14  0.9812
18.85  0.9819
18.29  0.9818
17.75  0.9816
17.49  0.9816
19.71  0.9820
19.32  0.9819
18.90  0.9819
18.70  0.9819
};\label{plot:Sum}
\addplot[mark=diamond, mark options={solid}, only marks, color3]
table{%
11.43  0.9792
10.71  0.9788
10.15  0.9785
10.08  0.9785
12.98  0.9801
11.99  0.9796
11.09  0.9790
10.59  0.9787
14.49  0.9807
13.53  0.9803
12.60  0.9799
12.00  0.9795
15.89  0.9811
15.04  0.9808
14.19  0.9805
13.68  0.9802
17.05  0.9815
16.37  0.9813
15.70  0.9810
15.31  0.9808
18.14  0.9817
17.51  0.9815
16.97  0.9814
16.67  0.9813
19.00  0.9819
18.59  0.9818
18.18  0.9817
17.96  0.9816
19.64  0.9820
19.38  0.9819
19.09  0.9819
18.95  0.9819
};\label{plot:Fisher}
