\addplot[semithick, solid, color7]
table{%
-0.0519  0.0000
-0.0518  0.0020
-0.0490  0.0040
-0.0483  0.0060
-0.0467  0.0080
-0.0448  0.0100
-0.0445  0.0120
-0.0442  0.0140
-0.0439  0.0160
-0.0417  0.0180
-0.0413  0.0220
-0.0410  0.0240
-0.0404  0.0260
-0.0394  0.0280
-0.0388  0.0340
-0.0382  0.0400
-0.0382  0.0400
-0.0378  0.0420
-0.0375  0.0460
-0.0372  0.0540
-0.0372  0.0540
-0.0369  0.0600
-0.0369  0.0600
-0.0366  0.0640
-0.0362  0.0720
-0.0362  0.0720
-0.0359  0.0740
-0.0356  0.0780
-0.0356  0.0780
-0.0353  0.0800
-0.0350  0.0880
-0.0350  0.0880
-0.0347  0.0960
-0.0347  0.0960
-0.0343  0.1000
-0.0340  0.1080
-0.0340  0.1080
-0.0337  0.1120
-0.0331  0.1220
-0.0327  0.1260
-0.0324  0.1400
-0.0324  0.1400
-0.0321  0.1520
-0.0321  0.1520
-0.0318  0.1680
-0.0318  0.1680
-0.0315  0.1780
-0.0312  0.1860
-0.0308  0.1900
-0.0305  0.2020
-0.0305  0.2020
-0.0302  0.2100
-0.0299  0.2220
-0.0296  0.2340
-0.0296  0.2340
-0.0293  0.2440
-0.0293  0.2440
-0.0289  0.2600
-0.0289  0.2600
-0.0286  0.2700
-0.0283  0.2880
-0.0283  0.2880
-0.0280  0.2920
-0.0277  0.3040
-0.0277  0.3040
-0.0273  0.3140
-0.0273  0.3140
-0.0270  0.3200
-0.0267  0.3320
-0.0267  0.3320
-0.0264  0.3460
-0.0261  0.3720
-0.0261  0.3720
-0.0258  0.3860
-0.0254  0.4020
-0.0254  0.4020
-0.0251  0.4160
-0.0248  0.4360
-0.0248  0.4360
-0.0245  0.4560
-0.0245  0.4560
-0.0242  0.4800
-0.0242  0.4800
-0.0238  0.5020
-0.0238  0.5020
-0.0235  0.5100
-0.0232  0.5280
-0.0232  0.5280
-0.0229  0.5460
-0.0226  0.5580
-0.0226  0.5580
-0.0223  0.5700
-0.0223  0.5700
-0.0219  0.6040
-0.0219  0.6040
-0.0216  0.6180
-0.0216  0.6180
-0.0213  0.6480
-0.0210  0.6700
-0.0210  0.6700
-0.0207  0.6880
-0.0207  0.6880
-0.0203  0.7020
-0.0203  0.7020
-0.0200  0.7120
-0.0200  0.7120
-0.0197  0.7420
-0.0197  0.7420
-0.0194  0.7580
-0.0194  0.7580
-0.0191  0.7700
-0.0191  0.7700
-0.0188  0.7840
-0.0188  0.7840
-0.0184  0.8040
-0.0184  0.8040
-0.0181  0.8200
-0.0181  0.8200
-0.0178  0.8360
-0.0178  0.8360
-0.0175  0.8520
-0.0175  0.8520
-0.0172  0.8660
-0.0172  0.8660
-0.0169  0.8700
-0.0165  0.8860
-0.0165  0.8860
-0.0162  0.9000
-0.0162  0.9000
-0.0159  0.9080
-0.0159  0.9080
-0.0156  0.9120
-0.0153  0.9180
-0.0149  0.9260
-0.0149  0.9260
-0.0146  0.9380
-0.0146  0.9380
-0.0143  0.9500
-0.0143  0.9500
-0.0140  0.9560
-0.0137  0.9600
-0.0137  0.9600
-0.0134  0.9620
-0.0130  0.9680
-0.0124  0.9700
-0.0121  0.9720
-0.0118  0.9780
-0.0114  0.9800
-0.0111  0.9820
-0.0108  0.9860
-0.0102  0.9900
-0.0099  0.9920
-0.0086  0.9960
-0.0070  0.9980
-0.0032  1.0000
};\label{plot:oracleth_comp}
\addplot[semithick, solid, color8]
table{%
-0.0061  0.0000
-0.0060  0.0020
-0.0054  0.0040
-0.0041  0.0060
-0.0035  0.0100
-0.0032  0.0120
-0.0029  0.0220
-0.0029  0.0220
-0.0025  0.0380
-0.0025  0.0380
-0.0022  0.0540
-0.0019  0.0800
-0.0019  0.0800
-0.0016  0.1220
-0.0016  0.1220
-0.0013  0.1560
-0.0013  0.1560
-0.0010  0.2180
-0.0010  0.2180
-0.0006  0.3020
-0.0006  0.3020
-0.0003  0.4140
-0.0003  0.4140
0.0000  0.4880
0.0003  0.5780
0.0003  0.5780
0.0006  0.6580
0.0006  0.6580
0.0010  0.7300
0.0010  0.7300
0.0013  0.7800
0.0013  0.7800
0.0016  0.8480
0.0016  0.8480
0.0019  0.8980
0.0019  0.8980
0.0022  0.9200
0.0025  0.9320
0.0025  0.9320
0.0029  0.9540
0.0029  0.9540
0.0032  0.9740
0.0032  0.9740
0.0035  0.9820
0.0038  0.9880
0.0038  0.9880
0.0041  0.9940
0.0041  0.9940
0.0045  0.9960
0.0048  0.9980
0.0057  1.0000
};\label{plot:partoracleth_comp}
\addplot[semithick, solid, color1]
table{%
-0.0045  0.0000
-0.0045  0.0020
-0.0041  0.0040
-0.0038  0.0120
-0.0038  0.0120
-0.0035  0.0180
-0.0035  0.0180
-0.0032  0.0340
-0.0032  0.0340
-0.0029  0.0440
-0.0029  0.0440
-0.0025  0.0580
-0.0025  0.0580
-0.0022  0.0760
-0.0019  0.1020
-0.0019  0.1020
-0.0016  0.1360
-0.0016  0.1360
-0.0013  0.1720
-0.0013  0.1720
-0.0010  0.2280
-0.0010  0.2280
-0.0006  0.3040
-0.0006  0.3040
-0.0003  0.3780
-0.0003  0.3780
0.0000  0.4600
0.0003  0.5620
0.0003  0.5620
0.0006  0.6540
0.0006  0.6540
0.0010  0.7200
0.0010  0.7200
0.0013  0.7740
0.0013  0.7740
0.0016  0.8340
0.0016  0.8340
0.0019  0.8880
0.0019  0.8880
0.0022  0.9140
0.0025  0.9300
0.0025  0.9300
0.0029  0.9520
0.0029  0.9520
0.0032  0.9680
0.0032  0.9680
0.0035  0.9780
0.0038  0.9820
0.0038  0.9820
0.0041  0.9940
0.0041  0.9940
0.0045  0.9960
0.0048  0.9980
0.0057  1.0000
};\label{plot:Storey_comp}
\addplot[semithick, solid, color2]
table{%
-0.0080  0.0000
-0.0079  0.0020
-0.0057  0.0040
-0.0054  0.0060
-0.0048  0.0100
-0.0045  0.0120
-0.0041  0.0160
-0.0041  0.0160
-0.0038  0.0220
-0.0035  0.0320
-0.0035  0.0320
-0.0032  0.0480
-0.0032  0.0480
-0.0029  0.0600
-0.0029  0.0600
-0.0025  0.0760
-0.0025  0.0760
-0.0022  0.0920
-0.0019  0.1200
-0.0019  0.1200
-0.0016  0.1660
-0.0016  0.1660
-0.0013  0.2120
-0.0013  0.2120
-0.0010  0.2740
-0.0010  0.2740
-0.0006  0.3400
-0.0006  0.3400
-0.0003  0.4000
-0.0003  0.4000
0.0000  0.4960
0.0003  0.5740
0.0003  0.5740
0.0006  0.6660
0.0006  0.6660
0.0010  0.7300
0.0010  0.7300
0.0013  0.7820
0.0013  0.7820
0.0016  0.8480
0.0016  0.8480
0.0019  0.8940
0.0019  0.8940
0.0022  0.9160
0.0025  0.9380
0.0025  0.9380
0.0029  0.9600
0.0029  0.9600
0.0032  0.9700
0.0032  0.9700
0.0035  0.9780
0.0038  0.9840
0.0038  0.9840
0.0041  0.9920
0.0041  0.9920
0.0045  0.9960
0.0048  0.9980
0.0057  1.0000
};\label{plot:Quantile_comp}
\addplot[semithick, solid, color4]
table{%
-0.0045  0.0000
-0.0045  0.0020
-0.0041  0.0040
-0.0038  0.0100
-0.0038  0.0100
-0.0035  0.0180
-0.0032  0.0260
-0.0032  0.0260
-0.0029  0.0380
-0.0029  0.0380
-0.0025  0.0560
-0.0025  0.0560
-0.0022  0.0700
-0.0019  0.0920
-0.0019  0.0920
-0.0016  0.1180
-0.0016  0.1180
-0.0013  0.1460
-0.0013  0.1460
-0.0010  0.2040
-0.0010  0.2040
-0.0006  0.2700
-0.0006  0.2700
-0.0003  0.3520
-0.0003  0.3520
0.0000  0.4440
0.0003  0.5420
0.0003  0.5420
0.0006  0.6300
0.0006  0.6300
0.0010  0.7140
0.0010  0.7140
0.0013  0.7780
0.0013  0.7780
0.0016  0.8300
0.0016  0.8300
0.0019  0.8820
0.0019  0.8820
0.0022  0.9060
0.0025  0.9220
0.0025  0.9220
0.0029  0.9500
0.0029  0.9500
0.0032  0.9700
0.0032  0.9700
0.0035  0.9740
0.0038  0.9780
0.0041  0.9880
0.0041  0.9880
0.0045  0.9920
0.0048  0.9980
0.0048  0.9980
0.0057  1.0000
};\label{plot:Sum_comp}
\addplot[semithick, solid, color3]
table{%
-0.0045  0.0000
-0.0045  0.0020
-0.0041  0.0040
-0.0038  0.0080
-0.0035  0.0160
-0.0035  0.0160
-0.0032  0.0260
-0.0032  0.0260
-0.0029  0.0360
-0.0029  0.0360
-0.0025  0.0460
-0.0025  0.0460
-0.0022  0.0520
-0.0019  0.0680
-0.0019  0.0680
-0.0016  0.1020
-0.0016  0.1020
-0.0013  0.1340
-0.0013  0.1340
-0.0010  0.1780
-0.0010  0.1780
-0.0006  0.2560
-0.0006  0.2560
-0.0003  0.3420
-0.0003  0.3420
0.0000  0.4340
0.0003  0.5220
0.0003  0.5220
0.0006  0.6160
0.0006  0.6160
0.0010  0.6820
0.0010  0.6820
0.0013  0.7400
0.0013  0.7400
0.0016  0.8100
0.0016  0.8100
0.0019  0.8660
0.0019  0.8660
0.0022  0.8960
0.0025  0.9200
0.0025  0.9200
0.0029  0.9440
0.0029  0.9440
0.0032  0.9620
0.0032  0.9620
0.0035  0.9780
0.0035  0.9780
0.0038  0.9800
0.0041  0.9920
0.0041  0.9920
0.0045  0.9940
0.0048  1.0000
0.0048  1.0000
};\label{plot:Fisher_comp}
