\addplot[semithick, mark=square, mark options={solid}, solid, color2]
table{%
0.0010  0.0000
0.0060  0.0000
0.0111  0.0000
0.0161  0.0000
0.0212  0.0000
0.0262  0.0000
0.0312  0.0000
0.0363  0.0000
0.0413  0.0000
0.0464  0.0000
0.0514  0.0000
0.0564  0.0000
0.0615  0.0000
0.0665  0.0000
0.0716  0.0002
0.0766  0.0002
0.0816  0.0002
0.0867  0.0005
0.0917  0.0005
0.0968  0.0005
0.1018  0.0005
0.1068  0.0005
0.1119  0.0007
0.1169  0.0007
0.1220  0.0007
0.1270  0.0008
0.1321  0.0010
0.1371  0.0010
0.1421  0.0009
0.1472  0.0009
0.1522  0.0009
0.1573  0.0009
0.1623  0.0010
0.1673  0.0013
0.1724  0.0013
0.1774  0.0013
0.1825  0.0015
0.1875  0.0015
0.1925  0.0015
0.1976  0.0015
0.2026  0.0017
0.2077  0.0016
0.2127  0.0016
0.2177  0.0016
0.2228  0.0016
0.2278  0.0016
0.2329  0.0016
0.2379  0.0016
0.2429  0.0019
0.2480  0.0025
0.2530  0.0030
0.2581  0.0040
0.2631  0.0040
0.2681  0.0040
0.2732  0.0041
0.2782  0.0041
0.2833  0.0041
0.2883  0.0043
0.2933  0.0043
0.2984  0.0047
0.3034  0.0050
0.3085  0.0050
0.3135  0.0050
0.3185  0.0051
0.3236  0.0053
0.3286  0.0058
0.3337  0.0059
0.3387  0.0059
0.3437  0.0063
0.3488  0.0063
0.3538  0.0065
0.3589  0.0065
0.3639  0.0070
0.3689  0.0074
0.3740  0.0074
0.3790  0.0074
0.3841  0.0074
0.3891  0.0078
0.3942  0.0084
0.3992  0.0085
0.4042  0.0092
0.4093  0.0092
0.4143  0.0094
0.4194  0.0105
0.4244  0.0108
0.4294  0.0108
0.4345  0.0108
0.4395  0.0108
0.4446  0.0118
0.4496  0.0132
0.4546  0.0156
0.4597  0.0156
0.4647  0.0156
0.4698  0.0156
0.4748  0.0159
0.4798  0.0186
0.4849  0.0228
0.4899  0.0234
0.4950  0.0334
0.5000  0.5000
};
\addplot[semithick, mark=square, mark options={solid}, solid, color3]
table{%
0.0010  0.0000
0.0060  0.0000
0.0111  0.0000
0.0161  0.0000
0.0212  0.0000
0.0262  0.0000
0.0312  0.0003
0.0363  0.0004
0.0413  0.0007
0.0464  0.0008
0.0514  0.0011
0.0564  0.0011
0.0615  0.0013
0.0665  0.0019
0.0716  0.0020
0.0766  0.0025
0.0816  0.0030
0.0867  0.0033
0.0917  0.0045
0.0968  0.0068
0.1018  0.0081
0.1068  0.0087
0.1119  0.0100
0.1169  0.0112
0.1220  0.0121
0.1270  0.0125
0.1321  0.0136
0.1371  0.0169
0.1421  0.0176
0.1472  0.0187
0.1522  0.0195
0.1573  0.0236
0.1623  0.0268
0.1673  0.0281
0.1724  0.0289
0.1774  0.0302
0.1825  0.0352
0.1875  0.0401
0.1925  0.0409
0.1976  0.0423
0.2026  0.0432
0.2077  0.0491
0.2127  0.0518
0.2177  0.0535
0.2228  0.0554
0.2278  0.0557
0.2329  0.0627
0.2379  0.0665
0.2429  0.0730
0.2480  0.0745
0.2530  0.0770
0.2581  0.0776
0.2631  0.0886
0.2681  0.0938
0.2732  0.0973
0.2782  0.0984
0.2833  0.0992
0.2883  0.1084
0.2933  0.1146
0.2984  0.1164
0.3034  0.1164
0.3085  0.1171
0.3135  0.1349
0.3185  0.1368
0.3236  0.1374
0.3286  0.1424
0.3337  0.1518
0.3387  0.1570
0.3437  0.1630
0.3488  0.1689
0.3538  0.1727
0.3589  0.1811
0.3639  0.1880
0.3689  0.1926
0.3740  0.2007
0.3790  0.2075
0.3841  0.2129
0.3891  0.2211
0.3942  0.2267
0.3992  0.2342
0.4042  0.2384
0.4093  0.2444
0.4143  0.2519
0.4194  0.2631
0.4244  0.2678
0.4294  0.2796
0.4345  0.2883
0.4395  0.2959
0.4446  0.3088
0.4496  0.3173
0.4546  0.3288
0.4597  0.3373
0.4647  0.3569
0.4698  0.3686
0.4748  0.3817
0.4798  0.3988
0.4849  0.4087
0.4899  0.4379
0.4950  0.4643
0.5000  0.5000
};
\addplot[semithick, mark=square, mark options={solid}, solid, color4]
table{%
0.0010  0.0000
0.0060  0.0000
0.0111  0.0000
0.0161  0.0000
0.0212  0.0000
0.0262  0.0000
0.0312  0.0000
0.0363  0.0000
0.0413  0.0000
0.0464  0.0000
0.0514  0.0000
0.0564  0.0000
0.0615  0.0000
0.0665  0.0003
0.0716  0.0003
0.0766  0.0003
0.0816  0.0003
0.0867  0.0002
0.0917  0.0002
0.0968  0.0001
0.1018  0.0001
0.1068  0.0003
0.1119  0.0003
0.1169  0.0003
0.1220  0.0003
0.1270  0.0003
0.1321  0.0003
0.1371  0.0004
0.1421  0.0004
0.1472  0.0004
0.1522  0.0007
0.1573  0.0007
0.1623  0.0009
0.1673  0.0012
0.1724  0.0012
0.1774  0.0012
0.1825  0.0016
0.1875  0.0016
0.1925  0.0015
0.1976  0.0017
0.2026  0.0027
0.2077  0.0027
0.2127  0.0030
0.2177  0.0030
0.2228  0.0030
0.2278  0.0030
0.2329  0.0035
0.2379  0.0035
0.2429  0.0037
0.2480  0.0038
0.2530  0.0038
0.2581  0.0035
0.2631  0.0037
0.2681  0.0040
0.2732  0.0043
0.2782  0.0043
0.2833  0.0048
0.2883  0.0049
0.2933  0.0049
0.2984  0.0052
0.3034  0.0060
0.3085  0.0059
0.3135  0.0068
0.3185  0.0069
0.3236  0.0073
0.3286  0.0073
0.3337  0.0078
0.3387  0.0079
0.3437  0.0090
0.3488  0.0089
0.3538  0.0106
0.3589  0.0108
0.3639  0.0116
0.3689  0.0125
0.3740  0.0132
0.3790  0.0138
0.3841  0.0140
0.3891  0.0140
0.3942  0.0144
0.3992  0.0146
0.4042  0.0155
0.4093  0.0163
0.4143  0.0169
0.4194  0.0177
0.4244  0.0190
0.4294  0.0201
0.4345  0.0214
0.4395  0.0220
0.4446  0.0229
0.4496  0.0240
0.4546  0.0249
0.4597  0.0291
0.4647  0.0318
0.4698  0.0355
0.4748  0.0376
0.4798  0.0415
0.4849  0.0503
0.4899  0.0660
0.4950  0.1093
0.5000  0.5000
};
\addplot[semithick, mark=square, mark options={solid}, solid, color5]
table{%
0.0010  0.0005
0.0060  0.0003
0.0111  0.0004
0.0161  0.0004
0.0212  0.0037
0.0262  0.0052
0.0312  0.0063
0.0363  0.0079
0.0413  0.0087
0.0464  0.0097
0.0514  0.0104
0.0564  0.0133
0.0615  0.0156
0.0665  0.0170
0.0716  0.0182
0.0766  0.0190
0.0816  0.0210
0.0867  0.0214
0.0917  0.0243
0.0968  0.0258
0.1018  0.0274
0.1068  0.0285
0.1119  0.0311
0.1169  0.0323
0.1220  0.0337
0.1270  0.0366
0.1321  0.0387
0.1371  0.0415
0.1421  0.0434
0.1472  0.0459
0.1522  0.0483
0.1573  0.0507
0.1623  0.0522
0.1673  0.0547
0.1724  0.0560
0.1774  0.0594
0.1825  0.0634
0.1875  0.0658
0.1925  0.0675
0.1976  0.0693
0.2026  0.0709
0.2077  0.0741
0.2127  0.0763
0.2177  0.0793
0.2228  0.0799
0.2278  0.0830
0.2329  0.0862
0.2379  0.0877
0.2429  0.0906
0.2480  0.0934
0.2530  0.0954
0.2581  0.0987
0.2631  0.1025
0.2681  0.1041
0.2732  0.1080
0.2782  0.1109
0.2833  0.1138
0.2883  0.1171
0.2933  0.1218
0.2984  0.1250
0.3034  0.1296
0.3085  0.1329
0.3135  0.1366
0.3185  0.1392
0.3236  0.1429
0.3286  0.1481
0.3337  0.1503
0.3387  0.1545
0.3437  0.1588
0.3488  0.1656
0.3538  0.1690
0.3589  0.1731
0.3639  0.1770
0.3689  0.1815
0.3740  0.1869
0.3790  0.1923
0.3841  0.1994
0.3891  0.2061
0.3942  0.2107
0.3992  0.2161
0.4042  0.2213
0.4093  0.2256
0.4143  0.2303
0.4194  0.2364
0.4244  0.2434
0.4294  0.2501
0.4345  0.2589
0.4395  0.2677
0.4446  0.2771
0.4496  0.2853
0.4546  0.2960
0.4597  0.3066
0.4647  0.3201
0.4698  0.3301
0.4748  0.3462
0.4798  0.3618
0.4849  0.3789
0.4899  0.4009
0.4950  0.4355
0.5000  0.5000
};
