\addplot[semithick, mark=square, mark options={solid}, solid, color2]
table{%
0.0010  0.0000
0.0060  0.0035
0.0111  0.0072
0.0161  0.0133
0.0212  0.0154
0.0262  0.0208
0.0312  0.0237
0.0363  0.0252
0.0413  0.0303
0.0464  0.0353
0.0514  0.0385
0.0564  0.0435
0.0615  0.0486
0.0665  0.0523
0.0716  0.0546
0.0766  0.0584
0.0816  0.0584
0.0867  0.0658
0.0917  0.0710
0.0968  0.0732
0.1018  0.0798
0.1068  0.0814
0.1119  0.0922
0.1169  0.0922
0.1220  0.0971
0.1270  0.1001
0.1321  0.1087
0.1371  0.1098
0.1421  0.1111
0.1472  0.1226
0.1522  0.1226
0.1573  0.1286
0.1623  0.1344
0.1673  0.1350
0.1724  0.1470
0.1774  0.1470
0.1825  0.1515
0.1875  0.1621
0.1925  0.1621
0.1976  0.1693
0.2026  0.1740
0.2077  0.1758
0.2127  0.1858
0.2177  0.1858
0.2228  0.1889
0.2278  0.2000
0.2329  0.2005
0.2379  0.2067
0.2429  0.2068
0.2480  0.2154
0.2530  0.2245
0.2581  0.2245
0.2631  0.2278
0.2681  0.2280
0.2732  0.2394
0.2782  0.2460
0.2833  0.2471
0.2883  0.2474
0.2933  0.2474
0.2984  0.2687
0.3034  0.2694
0.3085  0.2694
0.3135  0.2694
0.3185  0.2852
0.3236  0.2897
0.3286  0.2897
0.3337  0.2934
0.3387  0.3028
0.3437  0.3105
0.3488  0.3105
0.3538  0.3176
0.3589  0.3277
0.3639  0.3277
0.3689  0.3316
0.3740  0.3399
0.3790  0.3442
0.3841  0.3518
0.3891  0.3518
0.3942  0.3583
0.3992  0.3682
0.4042  0.3690
0.4093  0.3690
0.4143  0.3727
0.4194  0.3811
0.4244  0.3958
0.4294  0.4012
0.4345  0.4012
0.4395  0.4012
0.4446  0.4098
0.4496  0.4188
0.4546  0.4364
0.4597  0.4364
0.4647  0.4364
0.4698  0.4403
0.4748  0.4507
0.4798  0.4626
0.4849  0.4727
0.4899  0.4727
0.4950  0.4829
0.5000  0.5000
};
\addplot[semithick, mark=square, mark options={solid}, solid, color3]
table{%
0.0010  0.0000
0.0060  0.0041
0.0111  0.0089
0.0161  0.0135
0.0212  0.0185
0.0262  0.0247
0.0312  0.0303
0.0363  0.0339
0.0413  0.0385
0.0464  0.0417
0.0514  0.0455
0.0564  0.0482
0.0615  0.0547
0.0665  0.0599
0.0716  0.0635
0.0766  0.0676
0.0816  0.0720
0.0867  0.0757
0.0917  0.0815
0.0968  0.0884
0.1018  0.0918
0.1068  0.0961
0.1119  0.1002
0.1169  0.1052
0.1220  0.1092
0.1270  0.1145
0.1321  0.1185
0.1371  0.1239
0.1421  0.1257
0.1472  0.1296
0.1522  0.1324
0.1573  0.1395
0.1623  0.1451
0.1673  0.1486
0.1724  0.1516
0.1774  0.1553
0.1825  0.1630
0.1875  0.1699
0.1925  0.1756
0.1976  0.1788
0.2026  0.1821
0.2077  0.1876
0.2127  0.1945
0.2177  0.1983
0.2228  0.2006
0.2278  0.2030
0.2329  0.2081
0.2379  0.2148
0.2429  0.2206
0.2480  0.2226
0.2530  0.2269
0.2581  0.2282
0.2631  0.2360
0.2681  0.2413
0.2732  0.2454
0.2782  0.2482
0.2833  0.2484
0.2883  0.2608
0.2933  0.2721
0.2984  0.2727
0.3034  0.2727
0.3085  0.2734
0.3135  0.2910
0.3185  0.2923
0.3236  0.2937
0.3286  0.2996
0.3337  0.3059
0.3387  0.3098
0.3437  0.3142
0.3488  0.3190
0.3538  0.3232
0.3589  0.3279
0.3639  0.3325
0.3689  0.3368
0.3740  0.3428
0.3790  0.3466
0.3841  0.3514
0.3891  0.3577
0.3942  0.3619
0.3992  0.3688
0.4042  0.3733
0.4093  0.3777
0.4143  0.3827
0.4194  0.3898
0.4244  0.3916
0.4294  0.4025
0.4345  0.4066
0.4395  0.4104
0.4446  0.4171
0.4496  0.4239
0.4546  0.4316
0.4597  0.4356
0.4647  0.4425
0.4698  0.4491
0.4748  0.4550
0.4798  0.4637
0.4849  0.4680
0.4899  0.4782
0.4950  0.4880
0.5000  0.5000
};
\addplot[semithick, mark=square, mark options={solid}, solid, color4]
table{%
0.0010  0.0000
0.0060  0.0043
0.0111  0.0079
0.0161  0.0116
0.0212  0.0131
0.0262  0.0157
0.0312  0.0190
0.0363  0.0222
0.0413  0.0260
0.0464  0.0308
0.0514  0.0364
0.0564  0.0404
0.0615  0.0435
0.0665  0.0493
0.0716  0.0532
0.0766  0.0576
0.0816  0.0634
0.0867  0.0665
0.0917  0.0733
0.0968  0.0778
0.1018  0.0808
0.1068  0.0845
0.1119  0.0888
0.1169  0.0928
0.1220  0.0962
0.1270  0.1000
0.1321  0.1051
0.1371  0.1091
0.1421  0.1137
0.1472  0.1186
0.1522  0.1237
0.1573  0.1280
0.1623  0.1325
0.1673  0.1378
0.1724  0.1432
0.1774  0.1472
0.1825  0.1515
0.1875  0.1555
0.1925  0.1607
0.1976  0.1647
0.2026  0.1704
0.2077  0.1747
0.2127  0.1799
0.2177  0.1846
0.2228  0.1887
0.2278  0.1930
0.2329  0.1974
0.2379  0.2017
0.2429  0.2067
0.2480  0.2117
0.2530  0.2170
0.2581  0.2223
0.2631  0.2264
0.2681  0.2306
0.2732  0.2358
0.2782  0.2392
0.2833  0.2448
0.2883  0.2492
0.2933  0.2542
0.2984  0.2599
0.3034  0.2661
0.3085  0.2703
0.3135  0.2741
0.3185  0.2792
0.3236  0.2846
0.3286  0.2890
0.3337  0.2946
0.3387  0.3000
0.3437  0.3056
0.3488  0.3112
0.3538  0.3155
0.3589  0.3210
0.3639  0.3264
0.3689  0.3319
0.3740  0.3366
0.3790  0.3418
0.3841  0.3479
0.3891  0.3540
0.3942  0.3599
0.3992  0.3658
0.4042  0.3707
0.4093  0.3759
0.4143  0.3810
0.4194  0.3868
0.4244  0.3927
0.4294  0.3974
0.4345  0.4028
0.4395  0.4071
0.4446  0.4142
0.4496  0.4199
0.4546  0.4254
0.4597  0.4326
0.4647  0.4387
0.4698  0.4439
0.4748  0.4525
0.4798  0.4610
0.4849  0.4686
0.4899  0.4780
0.4950  0.4877
0.5000  0.5000
};
\addplot[semithick, mark=square, mark options={solid}, solid, color5]
table{%
0.0010  0.0003
0.0060  0.0019
0.0111  0.0063
0.0161  0.0118
0.0212  0.0139
0.0262  0.0171
0.0312  0.0209
0.0363  0.0259
0.0413  0.0327
0.0464  0.0343
0.0514  0.0377
0.0564  0.0408
0.0615  0.0456
0.0665  0.0492
0.0716  0.0500
0.0766  0.0510
0.0816  0.0551
0.0867  0.0574
0.0917  0.0617
0.0968  0.0658
0.1018  0.0723
0.1068  0.0769
0.1119  0.0799
0.1169  0.0836
0.1220  0.0862
0.1270  0.0900
0.1321  0.0968
0.1371  0.1008
0.1421  0.1044
0.1472  0.1076
0.1522  0.1124
0.1573  0.1166
0.1623  0.1182
0.1673  0.1228
0.1724  0.1271
0.1774  0.1313
0.1825  0.1349
0.1875  0.1392
0.1925  0.1426
0.1976  0.1470
0.2026  0.1505
0.2077  0.1542
0.2127  0.1572
0.2177  0.1618
0.2228  0.1680
0.2278  0.1714
0.2329  0.1752
0.2379  0.1799
0.2429  0.1822
0.2480  0.1875
0.2530  0.1909
0.2581  0.1955
0.2631  0.1995
0.2681  0.2052
0.2732  0.2101
0.2782  0.2162
0.2833  0.2224
0.2883  0.2286
0.2933  0.2340
0.2984  0.2395
0.3034  0.2455
0.3085  0.2505
0.3135  0.2556
0.3185  0.2604
0.3236  0.2644
0.3286  0.2689
0.3337  0.2752
0.3387  0.2805
0.3437  0.2856
0.3488  0.2904
0.3538  0.2955
0.3589  0.3012
0.3639  0.3087
0.3689  0.3144
0.3740  0.3190
0.3790  0.3236
0.3841  0.3292
0.3891  0.3344
0.3942  0.3390
0.3992  0.3452
0.4042  0.3510
0.4093  0.3568
0.4143  0.3634
0.4194  0.3700
0.4244  0.3761
0.4294  0.3825
0.4345  0.3888
0.4395  0.3937
0.4446  0.3989
0.4496  0.4066
0.4546  0.4108
0.4597  0.4162
0.4647  0.4238
0.4698  0.4297
0.4748  0.4366
0.4798  0.4457
0.4849  0.4547
0.4899  0.4637
0.4950  0.4777
0.5000  0.5000
};
