\addplot[semithick, mark=square, mark options={solid}, solid, color2]
table{%
0.0010  0.0001
0.0060  0.0032
0.0111  0.0064
0.0161  0.0108
0.0212  0.0161
0.0262  0.0204
0.0312  0.0230
0.0363  0.0265
0.0413  0.0306
0.0464  0.0348
0.0514  0.0369
0.0564  0.0417
0.0615  0.0451
0.0665  0.0503
0.0716  0.0509
0.0766  0.0553
0.0816  0.0568
0.0867  0.0625
0.0917  0.0667
0.0968  0.0706
0.1018  0.0742
0.1068  0.0766
0.1119  0.0813
0.1169  0.0850
0.1220  0.0889
0.1270  0.0918
0.1321  0.0956
0.1371  0.0987
0.1421  0.1004
0.1472  0.1068
0.1522  0.1094
0.1573  0.1168
0.1623  0.1189
0.1673  0.1212
0.1724  0.1250
0.1774  0.1323
0.1825  0.1348
0.1875  0.1394
0.1925  0.1415
0.1976  0.1439
0.2026  0.1499
0.2077  0.1499
0.2127  0.1574
0.2177  0.1593
0.2228  0.1639
0.2278  0.1666
0.2329  0.1698
0.2379  0.1746
0.2429  0.1766
0.2480  0.1775
0.2530  0.1825
0.2581  0.1866
0.2631  0.1875
0.2681  0.1882
0.2732  0.1928
0.2782  0.1987
0.2833  0.2035
0.2883  0.2056
0.2933  0.2099
0.2984  0.2123
0.3034  0.2175
0.3085  0.2175
0.3135  0.2180
0.3185  0.2234
0.3236  0.2250
0.3286  0.2270
0.3337  0.2290
0.3387  0.2308
0.3437  0.2312
0.3488  0.2327
0.3538  0.2481
0.3589  0.2498
0.3639  0.2539
0.3689  0.2542
0.3740  0.2548
0.3790  0.2579
0.3841  0.2622
0.3891  0.2625
0.3942  0.2626
0.3992  0.2677
0.4042  0.2715
0.4093  0.2725
0.4143  0.2751
0.4194  0.2761
0.4244  0.2777
0.4294  0.2785
0.4345  0.2832
0.4395  0.2832
0.4446  0.2984
0.4496  0.2987
0.4546  0.3006
0.4597  0.3006
0.4647  0.3014
0.4698  0.3045
0.4748  0.3093
0.4798  0.3123
0.4849  0.3126
0.4899  0.3150
0.4950  0.3162
0.5000  0.3166
};
\addplot[semithick, mark=square, mark options={solid}, solid, color3]
table{%
0.0010  0.0001
0.0060  0.0047
0.0111  0.0111
0.0161  0.0161
0.0212  0.0238
0.0262  0.0317
0.0312  0.0380
0.0363  0.0434
0.0413  0.0485
0.0464  0.0551
0.0514  0.0616
0.0564  0.0643
0.0615  0.0695
0.0665  0.0746
0.0716  0.0788
0.0766  0.0843
0.0816  0.0884
0.0867  0.0934
0.0917  0.0981
0.0968  0.1018
0.1018  0.1068
0.1068  0.1119
0.1119  0.1182
0.1169  0.1210
0.1220  0.1252
0.1270  0.1305
0.1321  0.1340
0.1371  0.1388
0.1421  0.1419
0.1472  0.1468
0.1522  0.1513
0.1573  0.1557
0.1623  0.1594
0.1673  0.1640
0.1724  0.1658
0.1774  0.1693
0.1825  0.1729
0.1875  0.1777
0.1925  0.1807
0.1976  0.1837
0.2026  0.1871
0.2077  0.1893
0.2127  0.1920
0.2177  0.1956
0.2228  0.1994
0.2278  0.2011
0.2329  0.2036
0.2379  0.2081
0.2429  0.2097
0.2480  0.2127
0.2530  0.2170
0.2581  0.2181
0.2631  0.2210
0.2681  0.2234
0.2732  0.2271
0.2782  0.2287
0.2833  0.2308
0.2883  0.2344
0.2933  0.2403
0.2984  0.2425
0.3034  0.2435
0.3085  0.2448
0.3135  0.2519
0.3185  0.2537
0.3236  0.2565
0.3286  0.2594
0.3337  0.2607
0.3387  0.2627
0.3437  0.2660
0.3488  0.2690
0.3538  0.2708
0.3589  0.2716
0.3639  0.2729
0.3689  0.2751
0.3740  0.2823
0.3790  0.2832
0.3841  0.2848
0.3891  0.2865
0.3942  0.2882
0.3992  0.2925
0.4042  0.2951
0.4093  0.2962
0.4143  0.2985
0.4194  0.3019
0.4244  0.3035
0.4294  0.3044
0.4345  0.3077
0.4395  0.3090
0.4446  0.3100
0.4496  0.3109
0.4546  0.3117
0.4597  0.3158
0.4647  0.3184
0.4698  0.3227
0.4748  0.3243
0.4798  0.3258
0.4849  0.3268
0.4899  0.3286
0.4950  0.3301
0.5000  0.3346
};
\addplot[semithick, mark=square, mark options={solid}, solid, color4]
table{%
0.0010  0.0004
0.0060  0.0035
0.0111  0.0075
0.0161  0.0106
0.0212  0.0149
0.0262  0.0196
0.0312  0.0221
0.0363  0.0259
0.0413  0.0307
0.0464  0.0357
0.0514  0.0396
0.0564  0.0431
0.0615  0.0474
0.0665  0.0516
0.0716  0.0564
0.0766  0.0607
0.0816  0.0655
0.0867  0.0698
0.0917  0.0739
0.0968  0.0791
0.1018  0.0838
0.1068  0.0876
0.1119  0.0913
0.1169  0.0962
0.1220  0.0992
0.1270  0.1039
0.1321  0.1073
0.1371  0.1109
0.1421  0.1138
0.1472  0.1168
0.1522  0.1206
0.1573  0.1239
0.1623  0.1276
0.1673  0.1317
0.1724  0.1354
0.1774  0.1395
0.1825  0.1434
0.1875  0.1467
0.1925  0.1505
0.1976  0.1542
0.2026  0.1580
0.2077  0.1614
0.2127  0.1644
0.2177  0.1683
0.2228  0.1715
0.2278  0.1753
0.2329  0.1796
0.2379  0.1826
0.2429  0.1855
0.2480  0.1885
0.2530  0.1911
0.2581  0.1936
0.2631  0.1965
0.2681  0.1998
0.2732  0.2031
0.2782  0.2065
0.2833  0.2101
0.2883  0.2143
0.2933  0.2175
0.2984  0.2211
0.3034  0.2249
0.3085  0.2289
0.3135  0.2317
0.3185  0.2340
0.3236  0.2363
0.3286  0.2393
0.3337  0.2418
0.3387  0.2447
0.3437  0.2471
0.3488  0.2494
0.3538  0.2521
0.3589  0.2555
0.3639  0.2583
0.3689  0.2608
0.3740  0.2629
0.3790  0.2664
0.3841  0.2698
0.3891  0.2729
0.3942  0.2759
0.3992  0.2789
0.4042  0.2811
0.4093  0.2837
0.4143  0.2857
0.4194  0.2871
0.4244  0.2900
0.4294  0.2919
0.4345  0.2937
0.4395  0.2960
0.4446  0.2982
0.4496  0.3004
0.4546  0.3038
0.4597  0.3066
0.4647  0.3094
0.4698  0.3123
0.4748  0.3154
0.4798  0.3186
0.4849  0.3219
0.4899  0.3251
0.4950  0.3280
0.5000  0.3306
};
\addplot[semithick, mark=square, mark options={solid}, solid, color5]
table{%
0.0010  0.0003
0.0060  0.0060
0.0111  0.0102
0.0161  0.0152
0.0212  0.0203
0.0262  0.0252
0.0312  0.0304
0.0363  0.0347
0.0413  0.0394
0.0464  0.0429
0.0514  0.0467
0.0564  0.0511
0.0615  0.0562
0.0665  0.0605
0.0716  0.0643
0.0766  0.0671
0.0816  0.0705
0.0867  0.0726
0.0917  0.0766
0.0968  0.0805
0.1018  0.0835
0.1068  0.0868
0.1119  0.0897
0.1169  0.0923
0.1220  0.0957
0.1270  0.0985
0.1321  0.1022
0.1371  0.1056
0.1421  0.1086
0.1472  0.1113
0.1522  0.1141
0.1573  0.1176
0.1623  0.1195
0.1673  0.1235
0.1724  0.1267
0.1774  0.1296
0.1825  0.1325
0.1875  0.1357
0.1925  0.1377
0.1976  0.1403
0.2026  0.1439
0.2077  0.1476
0.2127  0.1517
0.2177  0.1549
0.2228  0.1572
0.2278  0.1599
0.2329  0.1634
0.2379  0.1654
0.2429  0.1672
0.2480  0.1692
0.2530  0.1722
0.2581  0.1744
0.2631  0.1775
0.2681  0.1799
0.2732  0.1829
0.2782  0.1850
0.2833  0.1879
0.2883  0.1904
0.2933  0.1931
0.2984  0.1968
0.3034  0.1997
0.3085  0.2031
0.3135  0.2051
0.3185  0.2075
0.3236  0.2092
0.3286  0.2117
0.3337  0.2145
0.3387  0.2162
0.3437  0.2182
0.3488  0.2205
0.3538  0.2225
0.3589  0.2247
0.3639  0.2271
0.3689  0.2295
0.3740  0.2325
0.3790  0.2368
0.3841  0.2408
0.3891  0.2430
0.3942  0.2455
0.3992  0.2475
0.4042  0.2491
0.4093  0.2508
0.4143  0.2527
0.4194  0.2545
0.4244  0.2569
0.4294  0.2589
0.4345  0.2603
0.4395  0.2631
0.4446  0.2656
0.4496  0.2677
0.4546  0.2698
0.4597  0.2719
0.4647  0.2742
0.4698  0.2770
0.4748  0.2798
0.4798  0.2821
0.4849  0.2845
0.4899  0.2873
0.4950  0.2897
0.5000  0.2923
};
