\addplot[semithick, mark=square, mark options={solid}, solid, color2]
table{%
0.0010  0.0001
0.0060  0.0005
0.0111  0.0007
0.0161  0.0018
0.0212  0.0018
0.0262  0.0027
0.0312  0.0032
0.0363  0.0032
0.0413  0.0034
0.0464  0.0041
0.0514  0.0057
0.0564  0.0057
0.0615  0.0057
0.0665  0.0057
0.0716  0.0062
0.0766  0.0074
0.0816  0.0074
0.0867  0.0085
0.0917  0.0100
0.0968  0.0100
0.1018  0.0100
0.1068  0.0101
0.1119  0.0110
0.1169  0.0110
0.1220  0.0110
0.1270  0.0115
0.1321  0.0146
0.1371  0.0146
0.1421  0.0156
0.1472  0.0156
0.1522  0.0156
0.1573  0.0180
0.1623  0.0182
0.1673  0.0201
0.1724  0.0201
0.1774  0.0201
0.1825  0.0209
0.1875  0.0209
0.1925  0.0209
0.1976  0.0209
0.2026  0.0214
0.2077  0.0223
0.2127  0.0238
0.2177  0.0238
0.2228  0.0263
0.2278  0.0263
0.2329  0.0263
0.2379  0.0263
0.2429  0.0271
0.2480  0.0291
0.2530  0.0295
0.2581  0.0321
0.2631  0.0321
0.2681  0.0321
0.2732  0.0326
0.2782  0.0326
0.2833  0.0326
0.2883  0.0350
0.2933  0.0350
0.2984  0.0355
0.3034  0.0360
0.3085  0.0360
0.3135  0.0360
0.3185  0.0360
0.3236  0.0363
0.3286  0.0397
0.3337  0.0428
0.3387  0.0456
0.3437  0.0470
0.3488  0.0470
0.3538  0.0477
0.3589  0.0477
0.3639  0.0503
0.3689  0.0507
0.3740  0.0507
0.3790  0.0507
0.3841  0.0516
0.3891  0.0528
0.3942  0.0544
0.3992  0.0545
0.4042  0.0579
0.4093  0.0579
0.4143  0.0583
0.4194  0.0632
0.4244  0.0634
0.4294  0.0634
0.4345  0.0634
0.4395  0.0634
0.4446  0.0686
0.4496  0.0704
0.4546  0.0755
0.4597  0.0755
0.4647  0.0755
0.4698  0.0757
0.4748  0.0759
0.4798  0.0811
0.4849  0.0868
0.4899  0.0879
0.4950  0.1113
0.5000  1.0000
};
\addplot[semithick, mark=square, mark options={solid}, solid, color3]
table{%
0.0010  0.0000
0.0060  0.0000
0.0111  0.0000
0.0161  0.0002
0.0212  0.0006
0.0262  0.0021
0.0312  0.0035
0.0363  0.0056
0.0413  0.0075
0.0464  0.0086
0.0514  0.0118
0.0564  0.0118
0.0615  0.0164
0.0665  0.0218
0.0716  0.0219
0.0766  0.0291
0.0816  0.0341
0.0867  0.0349
0.0917  0.0423
0.0968  0.0507
0.1018  0.0573
0.1068  0.0592
0.1119  0.0635
0.1169  0.0746
0.1220  0.0799
0.1270  0.0855
0.1321  0.0894
0.1371  0.1026
0.1421  0.1076
0.1472  0.1101
0.1522  0.1176
0.1573  0.1352
0.1623  0.1431
0.1673  0.1507
0.1724  0.1518
0.1774  0.1534
0.1825  0.1771
0.1875  0.1975
0.1925  0.2022
0.1976  0.2097
0.2026  0.2116
0.2077  0.2306
0.2127  0.2407
0.2177  0.2490
0.2228  0.2581
0.2278  0.2585
0.2329  0.2829
0.2379  0.2952
0.2429  0.3106
0.2480  0.3120
0.2530  0.3213
0.2581  0.3219
0.2631  0.3525
0.2681  0.3628
0.2732  0.3750
0.2782  0.3799
0.2833  0.3801
0.2883  0.4067
0.2933  0.4171
0.2984  0.4218
0.3034  0.4236
0.3085  0.4240
0.3135  0.4617
0.3185  0.4714
0.3236  0.4717
0.3286  0.4857
0.3337  0.5059
0.3387  0.5131
0.3437  0.5236
0.3488  0.5368
0.3538  0.5432
0.3589  0.5566
0.3639  0.5718
0.3689  0.5791
0.3740  0.5936
0.3790  0.6035
0.3841  0.6119
0.3891  0.6263
0.3942  0.6396
0.3992  0.6518
0.4042  0.6560
0.4093  0.6663
0.4143  0.6774
0.4194  0.6982
0.4244  0.7082
0.4294  0.7229
0.4345  0.7338
0.4395  0.7434
0.4446  0.7582
0.4496  0.7725
0.4546  0.7866
0.4597  0.7950
0.4647  0.8218
0.4698  0.8383
0.4748  0.8517
0.4798  0.8741
0.4849  0.8834
0.4899  0.9202
0.4950  0.9512
0.5000  1.0000
};
\addplot[semithick, mark=square, mark options={solid}, solid, color4]
table{%
0.0010  0.0001
0.0060  0.0010
0.0111  0.0015
0.0161  0.0017
0.0212  0.0025
0.0262  0.0029
0.0312  0.0038
0.0363  0.0043
0.0413  0.0047
0.0464  0.0053
0.0514  0.0056
0.0564  0.0061
0.0615  0.0075
0.0665  0.0079
0.0716  0.0082
0.0766  0.0087
0.0816  0.0090
0.0867  0.0103
0.0917  0.0105
0.0968  0.0115
0.1018  0.0120
0.1068  0.0122
0.1119  0.0129
0.1169  0.0135
0.1220  0.0139
0.1270  0.0142
0.1321  0.0148
0.1371  0.0159
0.1421  0.0173
0.1472  0.0176
0.1522  0.0183
0.1573  0.0200
0.1623  0.0202
0.1673  0.0212
0.1724  0.0227
0.1774  0.0235
0.1825  0.0237
0.1875  0.0244
0.1925  0.0261
0.1976  0.0272
0.2026  0.0284
0.2077  0.0289
0.2127  0.0302
0.2177  0.0312
0.2228  0.0319
0.2278  0.0329
0.2329  0.0347
0.2379  0.0351
0.2429  0.0359
0.2480  0.0370
0.2530  0.0372
0.2581  0.0384
0.2631  0.0394
0.2681  0.0400
0.2732  0.0421
0.2782  0.0436
0.2833  0.0455
0.2883  0.0479
0.2933  0.0485
0.2984  0.0506
0.3034  0.0528
0.3085  0.0533
0.3135  0.0564
0.3185  0.0579
0.3236  0.0593
0.3286  0.0597
0.3337  0.0613
0.3387  0.0627
0.3437  0.0653
0.3488  0.0669
0.3538  0.0682
0.3589  0.0702
0.3639  0.0735
0.3689  0.0764
0.3740  0.0798
0.3790  0.0819
0.3841  0.0845
0.3891  0.0866
0.3942  0.0880
0.3992  0.0901
0.4042  0.0931
0.4093  0.0955
0.4143  0.0979
0.4194  0.1005
0.4244  0.1034
0.4294  0.1083
0.4345  0.1151
0.4395  0.1179
0.4446  0.1209
0.4496  0.1255
0.4546  0.1281
0.4597  0.1357
0.4647  0.1405
0.4698  0.1466
0.4748  0.1494
0.4798  0.1577
0.4849  0.1754
0.4899  0.1990
0.4950  0.2681
0.5000  1.0000
};
\addplot[semithick, mark=square, mark options={solid}, solid, color5]
table{%
0.0010  0.0018
0.0060  0.0077
0.0111  0.0112
0.0161  0.0170
0.0212  0.0221
0.0262  0.0272
0.0312  0.0309
0.0363  0.0361
0.0413  0.0420
0.0464  0.0474
0.0514  0.0552
0.0564  0.0620
0.0615  0.0666
0.0665  0.0717
0.0716  0.0776
0.0766  0.0830
0.0816  0.0880
0.0867  0.0957
0.0917  0.1036
0.0968  0.1119
0.1018  0.1183
0.1068  0.1236
0.1119  0.1308
0.1169  0.1413
0.1220  0.1481
0.1270  0.1593
0.1321  0.1679
0.1371  0.1747
0.1421  0.1817
0.1472  0.1883
0.1522  0.1967
0.1573  0.2053
0.1623  0.2108
0.1673  0.2181
0.1724  0.2266
0.1774  0.2350
0.1825  0.2400
0.1875  0.2470
0.1925  0.2560
0.1976  0.2641
0.2026  0.2707
0.2077  0.2774
0.2127  0.2848
0.2177  0.2945
0.2228  0.3012
0.2278  0.3100
0.2329  0.3172
0.2379  0.3216
0.2429  0.3274
0.2480  0.3362
0.2530  0.3440
0.2581  0.3511
0.2631  0.3589
0.2681  0.3659
0.2732  0.3711
0.2782  0.3767
0.2833  0.3839
0.2883  0.3917
0.2933  0.4001
0.2984  0.4087
0.3034  0.4193
0.3085  0.4273
0.3135  0.4348
0.3185  0.4417
0.3236  0.4502
0.3286  0.4594
0.3337  0.4653
0.3387  0.4741
0.3437  0.4853
0.3488  0.5009
0.3538  0.5089
0.3589  0.5175
0.3639  0.5277
0.3689  0.5368
0.3740  0.5481
0.3790  0.5579
0.3841  0.5703
0.3891  0.5812
0.3942  0.5922
0.3992  0.6015
0.4042  0.6082
0.4093  0.6165
0.4143  0.6224
0.4194  0.6298
0.4244  0.6411
0.4294  0.6518
0.4345  0.6632
0.4395  0.6748
0.4446  0.6877
0.4496  0.6991
0.4546  0.7124
0.4597  0.7262
0.4647  0.7437
0.4698  0.7546
0.4748  0.7743
0.4798  0.7942
0.4849  0.8176
0.4899  0.8447
0.4950  0.8972
0.5000  1.0000
};
