\addplot[semithick, mark=square, mark options={solid}, solid, color2]
table{%
0.0010  0.0612
0.0060  0.1939
0.0111  0.2812
0.0161  0.3596
0.0212  0.3907
0.0262  0.4535
0.0312  0.4899
0.0363  0.5056
0.0413  0.5361
0.0464  0.5676
0.0514  0.5890
0.0564  0.6205
0.0615  0.6486
0.0665  0.6653
0.0716  0.6752
0.0766  0.6929
0.0816  0.6929
0.0867  0.7270
0.0917  0.7353
0.0968  0.7479
0.1018  0.7624
0.1068  0.7652
0.1119  0.7897
0.1169  0.7897
0.1220  0.7950
0.1270  0.8080
0.1321  0.8190
0.1371  0.8195
0.1421  0.8264
0.1472  0.8453
0.1522  0.8453
0.1573  0.8499
0.1623  0.8627
0.1673  0.8644
0.1724  0.8723
0.1774  0.8723
0.1825  0.8776
0.1875  0.8883
0.1925  0.8883
0.1976  0.8913
0.2026  0.9012
0.2077  0.9036
0.2127  0.9096
0.2177  0.9096
0.2228  0.9108
0.2278  0.9205
0.2329  0.9206
0.2379  0.9234
0.2429  0.9241
0.2480  0.9316
0.2530  0.9375
0.2581  0.9375
0.2631  0.9385
0.2681  0.9385
0.2732  0.9462
0.2782  0.9473
0.2833  0.9475
0.2883  0.9484
0.2933  0.9484
0.2984  0.9563
0.3034  0.9583
0.3085  0.9583
0.3135  0.9583
0.3185  0.9633
0.3236  0.9664
0.3286  0.9664
0.3337  0.9670
0.3387  0.9694
0.3437  0.9727
0.3488  0.9727
0.3538  0.9741
0.3589  0.9764
0.3639  0.9764
0.3689  0.9788
0.3740  0.9804
0.3790  0.9810
0.3841  0.9837
0.3891  0.9837
0.3942  0.9855
0.3992  0.9869
0.4042  0.9881
0.4093  0.9881
0.4143  0.9893
0.4194  0.9904
0.4244  0.9930
0.4294  0.9931
0.4345  0.9931
0.4395  0.9931
0.4446  0.9941
0.4496  0.9956
0.4546  0.9962
0.4597  0.9962
0.4647  0.9962
0.4698  0.9969
0.4748  0.9971
0.4798  0.9989
0.4849  0.9994
0.4899  0.9995
0.4950  0.9996
0.5000  1.0000
};
\addplot[semithick, mark=square, mark options={solid}, solid, color3]
table{%
0.0010  0.0000
0.0060  0.2367
0.0111  0.3100
0.0161  0.3641
0.0212  0.3938
0.0262  0.4287
0.0312  0.4594
0.0363  0.4771
0.0413  0.5020
0.0464  0.5186
0.0514  0.5418
0.0564  0.5513
0.0615  0.5719
0.0665  0.5880
0.0716  0.5954
0.0766  0.6135
0.0816  0.6230
0.0867  0.6320
0.0917  0.6451
0.0968  0.6620
0.1018  0.6698
0.1068  0.6762
0.1119  0.6858
0.1169  0.6959
0.1220  0.7032
0.1270  0.7084
0.1321  0.7153
0.1371  0.7284
0.1421  0.7334
0.1472  0.7394
0.1522  0.7435
0.1573  0.7576
0.1623  0.7643
0.1673  0.7691
0.1724  0.7719
0.1774  0.7752
0.1825  0.7875
0.1875  0.7946
0.1925  0.7985
0.1976  0.8017
0.2026  0.8041
0.2077  0.8141
0.2127  0.8218
0.2177  0.8253
0.2228  0.8278
0.2278  0.8301
0.2329  0.8378
0.2379  0.8463
0.2429  0.8506
0.2480  0.8519
0.2530  0.8550
0.2581  0.8557
0.2631  0.8676
0.2681  0.8715
0.2732  0.8750
0.2782  0.8759
0.2833  0.8760
0.2883  0.8868
0.2933  0.8933
0.2984  0.8942
0.3034  0.8942
0.3085  0.8945
0.3135  0.9048
0.3185  0.9079
0.3236  0.9083
0.3286  0.9120
0.3337  0.9170
0.3387  0.9203
0.3437  0.9232
0.3488  0.9256
0.3538  0.9277
0.3589  0.9313
0.3639  0.9338
0.3689  0.9356
0.3740  0.9388
0.3790  0.9407
0.3841  0.9429
0.3891  0.9468
0.3942  0.9487
0.3992  0.9535
0.4042  0.9550
0.4093  0.9579
0.4143  0.9605
0.4194  0.9628
0.4244  0.9637
0.4294  0.9680
0.4345  0.9703
0.4395  0.9716
0.4446  0.9742
0.4496  0.9773
0.4546  0.9799
0.4597  0.9807
0.4647  0.9832
0.4698  0.9864
0.4748  0.9877
0.4798  0.9902
0.4849  0.9917
0.4899  0.9938
0.4950  0.9966
0.5000  1.0000
};
\addplot[semithick, mark=square, mark options={solid}, solid, color4]
table{%
0.0010  0.0567
0.0060  0.1703
0.0111  0.2480
0.0161  0.3101
0.0212  0.3582
0.0262  0.3992
0.0312  0.4315
0.0363  0.4626
0.0413  0.4910
0.0464  0.5189
0.0514  0.5455
0.0564  0.5682
0.0615  0.5870
0.0665  0.6069
0.0716  0.6239
0.0766  0.6389
0.0816  0.6560
0.0867  0.6698
0.0917  0.6839
0.0968  0.6964
0.1018  0.7058
0.1068  0.7168
0.1119  0.7282
0.1169  0.7370
0.1220  0.7458
0.1270  0.7558
0.1321  0.7674
0.1371  0.7782
0.1421  0.7879
0.1472  0.7944
0.1522  0.8031
0.1573  0.8120
0.1623  0.8182
0.1673  0.8246
0.1724  0.8325
0.1774  0.8397
0.1825  0.8456
0.1875  0.8523
0.1925  0.8577
0.1976  0.8636
0.2026  0.8693
0.2077  0.8733
0.2127  0.8790
0.2177  0.8840
0.2228  0.8879
0.2278  0.8931
0.2329  0.8970
0.2379  0.9011
0.2429  0.9050
0.2480  0.9099
0.2530  0.9137
0.2581  0.9177
0.2631  0.9209
0.2681  0.9234
0.2732  0.9262
0.2782  0.9292
0.2833  0.9315
0.2883  0.9339
0.2933  0.9376
0.2984  0.9403
0.3034  0.9425
0.3085  0.9453
0.3135  0.9482
0.3185  0.9501
0.3236  0.9523
0.3286  0.9546
0.3337  0.9564
0.3387  0.9599
0.3437  0.9620
0.3488  0.9644
0.3538  0.9669
0.3589  0.9683
0.3639  0.9710
0.3689  0.9724
0.3740  0.9745
0.3790  0.9758
0.3841  0.9780
0.3891  0.9799
0.3942  0.9814
0.3992  0.9824
0.4042  0.9835
0.4093  0.9854
0.4143  0.9865
0.4194  0.9877
0.4244  0.9884
0.4294  0.9892
0.4345  0.9899
0.4395  0.9906
0.4446  0.9913
0.4496  0.9922
0.4546  0.9931
0.4597  0.9940
0.4647  0.9944
0.4698  0.9958
0.4748  0.9971
0.4798  0.9978
0.4849  0.9984
0.4899  0.9990
0.4950  0.9996
0.5000  1.0000
};
\addplot[semithick, mark=square, mark options={solid}, solid, color5]
table{%
0.0010  0.0091
0.0060  0.0342
0.0111  0.0556
0.0161  0.0780
0.0212  0.1023
0.0262  0.1210
0.0312  0.1380
0.0363  0.1566
0.0413  0.1780
0.0464  0.1968
0.0514  0.2140
0.0564  0.2306
0.0615  0.2435
0.0665  0.2564
0.0716  0.2720
0.0766  0.2862
0.0816  0.3007
0.0867  0.3123
0.0917  0.3275
0.0968  0.3397
0.1018  0.3544
0.1068  0.3655
0.1119  0.3783
0.1169  0.3894
0.1220  0.4006
0.1270  0.4109
0.1321  0.4220
0.1371  0.4352
0.1421  0.4467
0.1472  0.4605
0.1522  0.4720
0.1573  0.4870
0.1623  0.4957
0.1673  0.5066
0.1724  0.5183
0.1774  0.5313
0.1825  0.5430
0.1875  0.5532
0.1925  0.5601
0.1976  0.5685
0.2026  0.5758
0.2077  0.5848
0.2127  0.5951
0.2177  0.6033
0.2228  0.6139
0.2278  0.6221
0.2329  0.6317
0.2379  0.6389
0.2429  0.6444
0.2480  0.6525
0.2530  0.6611
0.2581  0.6702
0.2631  0.6795
0.2681  0.6868
0.2732  0.6941
0.2782  0.7026
0.2833  0.7097
0.2883  0.7163
0.2933  0.7246
0.2984  0.7347
0.3034  0.7446
0.3085  0.7521
0.3135  0.7586
0.3185  0.7677
0.3236  0.7742
0.3286  0.7819
0.3337  0.7894
0.3387  0.7960
0.3437  0.8011
0.3488  0.8075
0.3538  0.8126
0.3589  0.8199
0.3639  0.8272
0.3689  0.8354
0.3740  0.8423
0.3790  0.8483
0.3841  0.8541
0.3891  0.8605
0.3942  0.8678
0.3992  0.8736
0.4042  0.8809
0.4093  0.8877
0.4143  0.8944
0.4194  0.8997
0.4244  0.9054
0.4294  0.9090
0.4345  0.9153
0.4395  0.9182
0.4446  0.9231
0.4496  0.9286
0.4546  0.9320
0.4597  0.9356
0.4647  0.9410
0.4698  0.9458
0.4748  0.9508
0.4798  0.9588
0.4849  0.9645
0.4899  0.9715
0.4950  0.9794
0.5000  1.0000
};
