\addplot[semithick, mark=square, mark options={solid}, solid, color2]
table{%
0.0010  0.0609
0.0060  0.1773
0.0111  0.2510
0.0161  0.3081
0.0212  0.3556
0.0262  0.4029
0.0312  0.4335
0.0363  0.4617
0.0413  0.4866
0.0464  0.5076
0.0514  0.5248
0.0564  0.5525
0.0615  0.5756
0.0665  0.5906
0.0716  0.6001
0.0766  0.6227
0.0816  0.6327
0.0867  0.6538
0.0917  0.6639
0.0968  0.6772
0.1018  0.6887
0.1068  0.6988
0.1119  0.7090
0.1169  0.7203
0.1220  0.7309
0.1270  0.7362
0.1321  0.7514
0.1371  0.7548
0.1421  0.7592
0.1472  0.7663
0.1522  0.7739
0.1573  0.7838
0.1623  0.7879
0.1673  0.7911
0.1724  0.7991
0.1774  0.8105
0.1825  0.8132
0.1875  0.8177
0.1925  0.8231
0.1976  0.8260
0.2026  0.8379
0.2077  0.8379
0.2127  0.8428
0.2177  0.8450
0.2228  0.8521
0.2278  0.8560
0.2329  0.8608
0.2379  0.8659
0.2429  0.8669
0.2480  0.8692
0.2530  0.8723
0.2581  0.8795
0.2631  0.8826
0.2681  0.8831
0.2732  0.8869
0.2782  0.8885
0.2833  0.8924
0.2883  0.8972
0.2933  0.9013
0.2984  0.9029
0.3034  0.9053
0.3085  0.9053
0.3135  0.9063
0.3185  0.9087
0.3236  0.9147
0.3286  0.9163
0.3337  0.9187
0.3387  0.9197
0.3437  0.9197
0.3488  0.9211
0.3538  0.9262
0.3589  0.9277
0.3639  0.9324
0.3689  0.9326
0.3740  0.9329
0.3790  0.9336
0.3841  0.9362
0.3891  0.9362
0.3942  0.9363
0.3992  0.9388
0.4042  0.9427
0.4093  0.9434
0.4143  0.9452
0.4194  0.9455
0.4244  0.9456
0.4294  0.9456
0.4345  0.9489
0.4395  0.9490
0.4446  0.9548
0.4496  0.9555
0.4546  0.9561
0.4597  0.9561
0.4647  0.9561
0.4698  0.9568
0.4748  0.9588
0.4798  0.9593
0.4849  0.9594
0.4899  0.9609
0.4950  0.9617
0.5000  0.9617
};
\addplot[semithick, mark=square, mark options={solid}, solid, color3]
table{%
0.0010  0.0042
0.0060  0.1892
0.0111  0.2897
0.0161  0.3492
0.0212  0.3900
0.0262  0.4246
0.0312  0.4491
0.0363  0.4699
0.0413  0.4863
0.0464  0.5079
0.0514  0.5222
0.0564  0.5343
0.0615  0.5533
0.0665  0.5658
0.0716  0.5770
0.0766  0.5903
0.0816  0.6018
0.0867  0.6105
0.0917  0.6216
0.0968  0.6285
0.1018  0.6388
0.1068  0.6471
0.1119  0.6563
0.1169  0.6622
0.1220  0.6695
0.1270  0.6784
0.1321  0.6833
0.1371  0.6903
0.1421  0.6956
0.1472  0.7006
0.1522  0.7092
0.1573  0.7151
0.1623  0.7214
0.1673  0.7279
0.1724  0.7303
0.1774  0.7348
0.1825  0.7388
0.1875  0.7466
0.1925  0.7512
0.1976  0.7538
0.2026  0.7588
0.2077  0.7608
0.2127  0.7656
0.2177  0.7703
0.2228  0.7756
0.2278  0.7787
0.2329  0.7822
0.2379  0.7867
0.2429  0.7904
0.2480  0.7949
0.2530  0.7995
0.2581  0.8012
0.2631  0.8051
0.2681  0.8084
0.2732  0.8123
0.2782  0.8144
0.2833  0.8176
0.2883  0.8220
0.2933  0.8253
0.2984  0.8274
0.3034  0.8285
0.3085  0.8304
0.3135  0.8367
0.3185  0.8385
0.3236  0.8413
0.3286  0.8452
0.3337  0.8462
0.3387  0.8487
0.3437  0.8510
0.3488  0.8542
0.3538  0.8554
0.3589  0.8564
0.3639  0.8583
0.3689  0.8604
0.3740  0.8673
0.3790  0.8687
0.3841  0.8708
0.3891  0.8715
0.3942  0.8723
0.3992  0.8751
0.4042  0.8776
0.4093  0.8777
0.4143  0.8805
0.4194  0.8848
0.4244  0.8873
0.4294  0.8878
0.4345  0.8899
0.4395  0.8906
0.4446  0.8911
0.4496  0.8914
0.4546  0.8919
0.4597  0.8946
0.4647  0.8974
0.4698  0.9031
0.4748  0.9039
0.4798  0.9045
0.4849  0.9048
0.4899  0.9054
0.4950  0.9057
0.5000  0.9093
};
\addplot[semithick, mark=square, mark options={solid}, solid, color4]
table{%
0.0010  0.0574
0.0060  0.1630
0.0111  0.2274
0.0161  0.2806
0.0212  0.3232
0.0262  0.3607
0.0312  0.3915
0.0363  0.4200
0.0413  0.4477
0.0464  0.4698
0.0514  0.4918
0.0564  0.5106
0.0615  0.5301
0.0665  0.5494
0.0716  0.5667
0.0766  0.5798
0.0816  0.5949
0.0867  0.6078
0.0917  0.6188
0.0968  0.6312
0.1018  0.6417
0.1068  0.6539
0.1119  0.6635
0.1169  0.6721
0.1220  0.6809
0.1270  0.6895
0.1321  0.6989
0.1371  0.7068
0.1421  0.7142
0.1472  0.7236
0.1522  0.7306
0.1573  0.7383
0.1623  0.7459
0.1673  0.7520
0.1724  0.7582
0.1774  0.7655
0.1825  0.7723
0.1875  0.7786
0.1925  0.7849
0.1976  0.7904
0.2026  0.7948
0.2077  0.8007
0.2127  0.8065
0.2177  0.8128
0.2228  0.8170
0.2278  0.8219
0.2329  0.8262
0.2379  0.8307
0.2429  0.8356
0.2480  0.8403
0.2530  0.8435
0.2581  0.8469
0.2631  0.8511
0.2681  0.8547
0.2732  0.8582
0.2782  0.8626
0.2833  0.8655
0.2883  0.8690
0.2933  0.8722
0.2984  0.8759
0.3034  0.8792
0.3085  0.8829
0.3135  0.8863
0.3185  0.8885
0.3236  0.8902
0.3286  0.8934
0.3337  0.8958
0.3387  0.8979
0.3437  0.9003
0.3488  0.9032
0.3538  0.9054
0.3589  0.9075
0.3639  0.9099
0.3689  0.9122
0.3740  0.9140
0.3790  0.9165
0.3841  0.9184
0.3891  0.9198
0.3942  0.9221
0.3992  0.9250
0.4042  0.9266
0.4093  0.9283
0.4143  0.9300
0.4194  0.9309
0.4244  0.9323
0.4294  0.9334
0.4345  0.9346
0.4395  0.9368
0.4446  0.9386
0.4496  0.9402
0.4546  0.9413
0.4597  0.9424
0.4647  0.9439
0.4698  0.9457
0.4748  0.9471
0.4798  0.9484
0.4849  0.9505
0.4899  0.9526
0.4950  0.9538
0.5000  0.9548
};
\addplot[semithick, mark=square, mark options={solid}, solid, color5]
table{%
0.0010  0.0111
0.0060  0.0435
0.0111  0.0703
0.0161  0.0923
0.0212  0.1132
0.0262  0.1343
0.0312  0.1504
0.0363  0.1674
0.0413  0.1831
0.0464  0.1976
0.0514  0.2121
0.0564  0.2250
0.0615  0.2384
0.0665  0.2517
0.0716  0.2643
0.0766  0.2756
0.0816  0.2889
0.0867  0.3003
0.0917  0.3099
0.0968  0.3181
0.1018  0.3284
0.1068  0.3381
0.1119  0.3483
0.1169  0.3559
0.1220  0.3647
0.1270  0.3747
0.1321  0.3817
0.1371  0.3891
0.1421  0.3967
0.1472  0.4036
0.1522  0.4123
0.1573  0.4207
0.1623  0.4274
0.1673  0.4360
0.1724  0.4435
0.1774  0.4506
0.1825  0.4581
0.1875  0.4647
0.1925  0.4701
0.1976  0.4768
0.2026  0.4828
0.2077  0.4897
0.2127  0.4979
0.2177  0.5059
0.2228  0.5123
0.2278  0.5185
0.2329  0.5245
0.2379  0.5288
0.2429  0.5339
0.2480  0.5405
0.2530  0.5466
0.2581  0.5519
0.2631  0.5580
0.2681  0.5623
0.2732  0.5684
0.2782  0.5740
0.2833  0.5786
0.2883  0.5844
0.2933  0.5892
0.2984  0.5968
0.3034  0.6025
0.3085  0.6082
0.3135  0.6134
0.3185  0.6179
0.3236  0.6212
0.3286  0.6255
0.3337  0.6309
0.3387  0.6355
0.3437  0.6399
0.3488  0.6435
0.3538  0.6478
0.3589  0.6524
0.3639  0.6554
0.3689  0.6607
0.3740  0.6649
0.3790  0.6694
0.3841  0.6744
0.3891  0.6770
0.3942  0.6812
0.3992  0.6848
0.4042  0.6892
0.4093  0.6922
0.4143  0.6964
0.4194  0.7003
0.4244  0.7049
0.4294  0.7075
0.4345  0.7100
0.4395  0.7136
0.4446  0.7169
0.4496  0.7194
0.4546  0.7241
0.4597  0.7269
0.4647  0.7301
0.4698  0.7341
0.4748  0.7393
0.4798  0.7419
0.4849  0.7451
0.4899  0.7482
0.4950  0.7511
0.5000  0.7540
};
