\addplot[semithick, solid, color7]
table{%
-0.0552  0.0000
-0.0550  0.0020
-0.0250  0.0040
-0.0225  0.0060
-0.0175  0.0140
-0.0175  0.0140
-0.0150  0.0160
-0.0100  0.0200
-0.0075  0.0240
-0.0050  0.0320
-0.0050  0.0320
-0.0025  0.0460
0.0000  0.0600
0.0025  0.0720
0.0025  0.0720
0.0050  0.0880
0.0050  0.0880
0.0075  0.1280
0.0075  0.1280
0.0075  0.1280
0.0100  0.1480
0.0100  0.1480
0.0100  0.1480
0.0125  0.1700
0.0150  0.2140
0.0150  0.2140
0.0175  0.2440
0.0175  0.2440
0.0175  0.2440
0.0200  0.2740
0.0200  0.2740
0.0200  0.2740
0.0225  0.3080
0.0225  0.3080
0.0225  0.3080
0.0250  0.3420
0.0250  0.3420
0.0250  0.3420
0.0275  0.3820
0.0275  0.3820
0.0275  0.3820
0.0300  0.4280
0.0300  0.4280
0.0300  0.4280
0.0325  0.4680
0.0325  0.4680
0.0325  0.4680
0.0350  0.5080
0.0350  0.5080
0.0350  0.5080
0.0375  0.5380
0.0375  0.5380
0.0375  0.5380
0.0400  0.5660
0.0400  0.5660
0.0400  0.5660
0.0425  0.5860
0.0425  0.5860
0.0425  0.5860
0.0450  0.6200
0.0450  0.6200
0.0475  0.6440
0.0475  0.6440
0.0500  0.6600
0.0500  0.6600
0.0525  0.6860
0.0525  0.6860
0.0525  0.6860
0.0550  0.7080
0.0550  0.7080
0.0550  0.7080
0.0575  0.7340
0.0575  0.7340
0.0575  0.7340
0.0600  0.7680
0.0600  0.7680
0.0600  0.7680
0.0625  0.7960
0.0625  0.7960
0.0625  0.7960
0.0650  0.8140
0.0650  0.8140
0.0650  0.8140
0.0675  0.8380
0.0675  0.8380
0.0675  0.8380
0.0700  0.8580
0.0700  0.8580
0.0700  0.8580
0.0725  0.8840
0.0725  0.8840
0.0725  0.8840
0.0750  0.8980
0.0750  0.8980
0.0775  0.9140
0.0775  0.9140
0.0800  0.9300
0.0800  0.9300
0.0825  0.9380
0.0825  0.9380
0.0850  0.9480
0.0850  0.9480
0.0875  0.9600
0.0875  0.9600
0.0875  0.9600
0.0900  0.9660
0.0900  0.9660
0.0925  0.9800
0.0925  0.9800
0.0950  0.9840
0.0950  0.9840
0.0975  0.9940
0.0975  0.9940
0.0975  0.9940
0.1050  0.9960
0.1075  0.9980
0.1200  1.0000
};\label{plot:oracleth_comp}
\addplot[semithick, solid, color8]
table{%
-0.0476  0.0000
-0.0475  0.0020
-0.0450  0.0040
-0.0400  0.0060
-0.0350  0.0100
-0.0300  0.0140
-0.0275  0.0160
-0.0250  0.0200
-0.0250  0.0200
-0.0225  0.0240
-0.0225  0.0240
-0.0200  0.0340
-0.0200  0.0340
-0.0175  0.0380
-0.0175  0.0380
-0.0150  0.0660
-0.0150  0.0660
-0.0150  0.0660
-0.0125  0.1020
-0.0125  0.1020
-0.0125  0.1020
-0.0100  0.1180
-0.0100  0.1180
-0.0075  0.1540
-0.0075  0.1540
-0.0050  0.1960
-0.0050  0.1960
-0.0025  0.2560
-0.0025  0.2560
0.0000  0.3340
0.0025  0.4040
0.0050  0.4700
0.0050  0.4700
0.0050  0.4700
0.0075  0.5060
0.0075  0.5060
0.0100  0.5680
0.0100  0.5680
0.0125  0.6320
0.0125  0.6320
0.0125  0.6320
0.0150  0.6840
0.0150  0.6840
0.0150  0.6840
0.0175  0.7180
0.0175  0.7180
0.0200  0.7580
0.0200  0.7580
0.0200  0.7580
0.0225  0.7840
0.0225  0.7840
0.0225  0.7840
0.0250  0.8120
0.0250  0.8120
0.0275  0.8440
0.0275  0.8440
0.0275  0.8440
0.0300  0.8620
0.0300  0.8620
0.0325  0.8860
0.0325  0.8860
0.0325  0.8860
0.0350  0.8920
0.0350  0.8920
0.0375  0.9160
0.0375  0.9160
0.0375  0.9160
0.0400  0.9280
0.0400  0.9280
0.0425  0.9360
0.0425  0.9360
0.0450  0.9400
0.0475  0.9420
0.0500  0.9480
0.0500  0.9480
0.0525  0.9600
0.0525  0.9600
0.0550  0.9720
0.0550  0.9720
0.0550  0.9720
0.0575  0.9860
0.0575  0.9860
0.0575  0.9860
0.0600  0.9880
0.0625  0.9900
0.0650  0.9920
0.0675  0.9940
0.0700  0.9960
0.0725  1.0000
};\label{plot:partoracleth_comp}
\addplot[semithick, solid, color1]
table{%
-0.0601  0.0000
-0.0600  0.0020
-0.0550  0.0040
-0.0475  0.0060
-0.0425  0.0100
-0.0375  0.0120
-0.0325  0.0140
-0.0300  0.0240
-0.0300  0.0240
-0.0275  0.0320
-0.0275  0.0320
-0.0275  0.0320
-0.0250  0.0460
-0.0250  0.0460
-0.0225  0.0540
-0.0225  0.0540
-0.0225  0.0540
-0.0200  0.0660
-0.0200  0.0660
-0.0175  0.0820
-0.0175  0.0820
-0.0150  0.1260
-0.0150  0.1260
-0.0150  0.1260
-0.0125  0.1560
-0.0125  0.1560
-0.0125  0.1560
-0.0100  0.1720
-0.0075  0.2000
-0.0075  0.2000
-0.0050  0.2580
-0.0050  0.2580
-0.0025  0.3260
-0.0025  0.3260
0.0000  0.3940
0.0025  0.4480
0.0050  0.5220
0.0050  0.5220
0.0075  0.5720
0.0075  0.5720
0.0075  0.5720
0.0100  0.6260
0.0100  0.6260
0.0100  0.6260
0.0125  0.6780
0.0125  0.6780
0.0125  0.6780
0.0150  0.7260
0.0150  0.7260
0.0175  0.7560
0.0175  0.7560
0.0175  0.7560
0.0200  0.7900
0.0200  0.7900
0.0200  0.7900
0.0225  0.8140
0.0225  0.8140
0.0225  0.8140
0.0250  0.8400
0.0250  0.8400
0.0275  0.8540
0.0275  0.8540
0.0300  0.8800
0.0300  0.8800
0.0300  0.8800
0.0325  0.9000
0.0325  0.9000
0.0350  0.9200
0.0350  0.9200
0.0375  0.9360
0.0375  0.9360
0.0400  0.9440
0.0400  0.9440
0.0400  0.9440
0.0425  0.9480
0.0450  0.9540
0.0475  0.9620
0.0475  0.9620
0.0525  0.9660
0.0550  0.9760
0.0550  0.9760
0.0550  0.9760
0.0575  0.9840
0.0575  0.9840
0.0600  0.9880
0.0625  0.9900
0.0650  0.9980
0.0650  0.9980
0.0725  1.0000
};\label{plot:Storey_comp}
\addplot[semithick, solid, color2]
table{%
-0.0601  0.0000
-0.0600  0.0020
-0.0550  0.0040
-0.0475  0.0060
-0.0450  0.0080
-0.0425  0.0100
-0.0400  0.0120
-0.0375  0.0180
-0.0350  0.0240
-0.0350  0.0240
-0.0325  0.0300
-0.0300  0.0420
-0.0300  0.0420
-0.0275  0.0520
-0.0275  0.0520
-0.0275  0.0520
-0.0250  0.0640
-0.0250  0.0640
-0.0225  0.0840
-0.0225  0.0840
-0.0200  0.1020
-0.0200  0.1020
-0.0200  0.1020
-0.0175  0.1120
-0.0175  0.1120
-0.0175  0.1120
-0.0150  0.1460
-0.0150  0.1460
-0.0150  0.1460
-0.0125  0.1920
-0.0125  0.1920
-0.0125  0.1920
-0.0100  0.2180
-0.0100  0.2180
-0.0075  0.2640
-0.0075  0.2640
-0.0050  0.3320
-0.0050  0.3320
-0.0025  0.3960
-0.0025  0.3960
0.0000  0.4760
0.0025  0.5080
0.0025  0.5080
0.0050  0.5600
0.0050  0.5600
0.0075  0.5960
0.0075  0.5960
0.0100  0.6520
0.0100  0.6520
0.0100  0.6520
0.0125  0.7060
0.0125  0.7060
0.0125  0.7060
0.0150  0.7480
0.0150  0.7480
0.0150  0.7480
0.0175  0.7780
0.0175  0.7780
0.0175  0.7780
0.0200  0.8160
0.0200  0.8160
0.0200  0.8160
0.0225  0.8340
0.0225  0.8340
0.0225  0.8340
0.0250  0.8480
0.0250  0.8480
0.0275  0.8680
0.0275  0.8680
0.0275  0.8680
0.0300  0.8860
0.0300  0.8860
0.0300  0.8860
0.0325  0.9040
0.0325  0.9040
0.0350  0.9120
0.0350  0.9120
0.0350  0.9120
0.0375  0.9180
0.0375  0.9180
0.0400  0.9260
0.0400  0.9260
0.0425  0.9360
0.0425  0.9360
0.0450  0.9400
0.0475  0.9500
0.0475  0.9500
0.0500  0.9560
0.0500  0.9560
0.0500  0.9560
0.0525  0.9660
0.0525  0.9660
0.0550  0.9780
0.0550  0.9780
0.0575  0.9840
0.0600  0.9880
0.0600  0.9880
0.0625  0.9920
0.0625  0.9920
0.0650  0.9980
0.0650  0.9980
0.0700  1.0000
};\label{plot:Quantile_comp}
\addplot[semithick, solid, color4]
table{%
-0.0676  0.0000
-0.0675  0.0020
-0.0600  0.0040
-0.0475  0.0060
-0.0375  0.0120
-0.0350  0.0180
-0.0350  0.0180
-0.0325  0.0220
-0.0325  0.0220
-0.0300  0.0280
-0.0300  0.0280
-0.0275  0.0340
-0.0275  0.0340
-0.0275  0.0340
-0.0250  0.0480
-0.0250  0.0480
-0.0225  0.0580
-0.0225  0.0580
-0.0200  0.0740
-0.0200  0.0740
-0.0200  0.0740
-0.0175  0.0860
-0.0175  0.0860
-0.0175  0.0860
-0.0150  0.1240
-0.0150  0.1240
-0.0150  0.1240
-0.0125  0.1640
-0.0125  0.1640
-0.0125  0.1640
-0.0100  0.1820
-0.0075  0.2180
-0.0075  0.2180
-0.0050  0.2600
-0.0050  0.2600
-0.0050  0.2600
-0.0025  0.3280
-0.0025  0.3280
-0.0025  0.3280
0.0000  0.3920
0.0025  0.4420
0.0025  0.4420
0.0050  0.5000
0.0050  0.5000
0.0075  0.5560
0.0075  0.5560
0.0075  0.5560
0.0100  0.6100
0.0100  0.6100
0.0100  0.6100
0.0125  0.6600
0.0125  0.6600
0.0125  0.6600
0.0150  0.7100
0.0150  0.7100
0.0150  0.7100
0.0175  0.7460
0.0175  0.7460
0.0175  0.7460
0.0200  0.7820
0.0200  0.7820
0.0200  0.7820
0.0225  0.8120
0.0225  0.8120
0.0225  0.8120
0.0250  0.8300
0.0250  0.8300
0.0275  0.8440
0.0275  0.8440
0.0300  0.8680
0.0300  0.8680
0.0300  0.8680
0.0325  0.8880
0.0325  0.8880
0.0350  0.9040
0.0350  0.9040
0.0350  0.9040
0.0375  0.9180
0.0375  0.9180
0.0375  0.9180
0.0400  0.9300
0.0400  0.9300
0.0400  0.9300
0.0425  0.9380
0.0425  0.9380
0.0450  0.9460
0.0450  0.9460
0.0475  0.9540
0.0475  0.9540
0.0500  0.9600
0.0525  0.9660
0.0525  0.9660
0.0550  0.9760
0.0550  0.9760
0.0550  0.9760
0.0575  0.9820
0.0600  0.9860
0.0625  0.9920
0.0625  0.9920
0.0650  0.9980
0.0725  1.0000
};\label{plot:Sum_comp}
\addplot[semithick, solid, color3]
table{%
-0.0601  0.0000
-0.0600  0.0020
-0.0475  0.0040
-0.0375  0.0060
-0.0325  0.0080
-0.0275  0.0160
-0.0275  0.0160
-0.0250  0.0260
-0.0250  0.0260
-0.0225  0.0380
-0.0225  0.0380
-0.0225  0.0380
-0.0200  0.0460
-0.0200  0.0460
-0.0200  0.0460
-0.0175  0.0580
-0.0175  0.0580
-0.0175  0.0580
-0.0150  0.0940
-0.0150  0.0940
-0.0150  0.0940
-0.0125  0.1180
-0.0125  0.1180
-0.0100  0.1500
-0.0100  0.1500
-0.0100  0.1500
-0.0075  0.1800
-0.0075  0.1800
-0.0075  0.1800
-0.0050  0.2260
-0.0050  0.2260
-0.0050  0.2260
-0.0025  0.2820
-0.0025  0.2820
-0.0025  0.2820
0.0000  0.3500
0.0025  0.4120
0.0025  0.4120
0.0050  0.4840
0.0050  0.4840
0.0075  0.5280
0.0075  0.5280
0.0100  0.6020
0.0100  0.6020
0.0100  0.6020
0.0125  0.6680
0.0125  0.6680
0.0125  0.6680
0.0150  0.7140
0.0150  0.7140
0.0175  0.7560
0.0175  0.7560
0.0175  0.7560
0.0200  0.7820
0.0200  0.7820
0.0200  0.7820
0.0225  0.8160
0.0225  0.8160
0.0225  0.8160
0.0250  0.8320
0.0250  0.8320
0.0275  0.8560
0.0275  0.8560
0.0300  0.8820
0.0300  0.8820
0.0300  0.8820
0.0325  0.9080
0.0325  0.9080
0.0350  0.9240
0.0350  0.9240
0.0350  0.9240
0.0375  0.9440
0.0375  0.9440
0.0375  0.9440
0.0400  0.9480
0.0400  0.9480
0.0425  0.9540
0.0425  0.9540
0.0450  0.9620
0.0475  0.9640
0.0525  0.9680
0.0525  0.9680
0.0550  0.9740
0.0550  0.9740
0.0575  0.9840
0.0575  0.9840
0.0600  0.9880
0.0625  0.9920
0.0625  0.9920
0.0650  0.9980
0.0650  0.9980
0.0725  1.0000
};\label{plot:Fisher_comp}
