\addplot[semithick, solid, color7]
table{%
-0.0251  0.0000
-0.0250  0.0020
-0.0225  0.0040
-0.0200  0.0060
-0.0175  0.0080
-0.0150  0.0100
-0.0125  0.0120
-0.0100  0.0140
-0.0075  0.0240
-0.0075  0.0240
-0.0050  0.0360
-0.0050  0.0360
-0.0025  0.0440
0.0000  0.0600
0.0025  0.0760
0.0050  0.0960
0.0075  0.1100
0.0075  0.1100
0.0100  0.1200
0.0100  0.1200
0.0125  0.1600
0.0125  0.1600
0.0150  0.1800
0.0150  0.1800
0.0175  0.2140
0.0175  0.2140
0.0200  0.2380
0.0200  0.2380
0.0200  0.2380
0.0225  0.2660
0.0225  0.2660
0.0225  0.2660
0.0250  0.3060
0.0250  0.3060
0.0250  0.3060
0.0275  0.3420
0.0275  0.3420
0.0275  0.3420
0.0300  0.3900
0.0300  0.3900
0.0300  0.3900
0.0325  0.4380
0.0325  0.4380
0.0325  0.4380
0.0350  0.4640
0.0350  0.4640
0.0350  0.4640
0.0375  0.4980
0.0375  0.4980
0.0375  0.4980
0.0400  0.5440
0.0400  0.5440
0.0400  0.5440
0.0425  0.5800
0.0425  0.5800
0.0450  0.6180
0.0450  0.6180
0.0450  0.6180
0.0475  0.6480
0.0475  0.6480
0.0500  0.6800
0.0500  0.6800
0.0500  0.6800
0.0525  0.7080
0.0525  0.7080
0.0525  0.7080
0.0550  0.7360
0.0550  0.7360
0.0550  0.7360
0.0575  0.7760
0.0575  0.7760
0.0575  0.7760
0.0600  0.8040
0.0600  0.8040
0.0600  0.8040
0.0625  0.8260
0.0625  0.8260
0.0625  0.8260
0.0650  0.8500
0.0650  0.8500
0.0650  0.8500
0.0675  0.8620
0.0675  0.8620
0.0675  0.8620
0.0700  0.8740
0.0700  0.8740
0.0700  0.8740
0.0725  0.8900
0.0725  0.8900
0.0725  0.8900
0.0750  0.9080
0.0750  0.9080
0.0775  0.9180
0.0775  0.9180
0.0800  0.9340
0.0800  0.9340
0.0825  0.9420
0.0825  0.9420
0.0825  0.9420
0.0850  0.9560
0.0850  0.9560
0.0850  0.9560
0.0875  0.9640
0.0875  0.9640
0.0875  0.9640
0.0900  0.9780
0.0900  0.9780
0.0900  0.9780
0.0925  0.9920
0.0925  0.9920
0.0925  0.9920
0.0950  0.9960
0.0950  0.9960
0.0975  1.0000
};\label{plot:oracleth_comp}
\addplot[semithick, solid, color8]
table{%
-0.0476  0.0000
-0.0475  0.0020
-0.0375  0.0040
-0.0325  0.0060
-0.0300  0.0120
-0.0275  0.0140
-0.0250  0.0200
-0.0250  0.0200
-0.0250  0.0200
-0.0225  0.0420
-0.0225  0.0420
-0.0200  0.0460
-0.0175  0.0620
-0.0175  0.0620
-0.0150  0.0840
-0.0150  0.0840
-0.0150  0.0840
-0.0125  0.0980
-0.0125  0.0980
-0.0125  0.0980
-0.0100  0.1200
-0.0100  0.1200
-0.0075  0.1560
-0.0075  0.1560
-0.0075  0.1560
-0.0050  0.2060
-0.0050  0.2060
-0.0050  0.2060
-0.0025  0.2600
-0.0025  0.2600
-0.0025  0.2600
0.0000  0.3220
0.0025  0.3900
0.0025  0.3900
0.0050  0.4380
0.0050  0.4380
0.0075  0.4900
0.0075  0.4900
0.0075  0.4900
0.0100  0.5400
0.0100  0.5400
0.0100  0.5400
0.0125  0.6040
0.0125  0.6040
0.0125  0.6040
0.0150  0.6680
0.0150  0.6680
0.0150  0.6680
0.0175  0.7060
0.0175  0.7060
0.0175  0.7060
0.0200  0.7500
0.0200  0.7500
0.0200  0.7500
0.0225  0.7960
0.0225  0.7960
0.0225  0.7960
0.0250  0.8120
0.0250  0.8120
0.0275  0.8380
0.0275  0.8380
0.0275  0.8380
0.0300  0.8680
0.0300  0.8680
0.0300  0.8680
0.0325  0.9000
0.0325  0.9000
0.0325  0.9000
0.0350  0.9160
0.0350  0.9160
0.0350  0.9160
0.0375  0.9220
0.0375  0.9220
0.0400  0.9400
0.0400  0.9400
0.0425  0.9640
0.0425  0.9640
0.0425  0.9640
0.0450  0.9680
0.0475  0.9740
0.0475  0.9740
0.0500  0.9780
0.0500  0.9780
0.0525  0.9820
0.0550  0.9860
0.0575  0.9880
0.0625  0.9900
0.0650  0.9920
0.0675  0.9960
0.0775  0.9980
0.0850  1.0000
};\label{plot:partoracleth_comp}
\addplot[semithick, solid, color1]
table{%
-0.0476  0.0000
-0.0475  0.0020
-0.0375  0.0060
-0.0325  0.0100
-0.0325  0.0100
-0.0300  0.0140
-0.0275  0.0200
-0.0250  0.0240
-0.0225  0.0360
-0.0225  0.0360
-0.0200  0.0500
-0.0200  0.0500
-0.0200  0.0500
-0.0175  0.0700
-0.0175  0.0700
-0.0150  0.0840
-0.0150  0.0840
-0.0150  0.0840
-0.0125  0.1100
-0.0125  0.1100
-0.0125  0.1100
-0.0100  0.1480
-0.0100  0.1480
-0.0100  0.1480
-0.0075  0.1820
-0.0075  0.1820
-0.0075  0.1820
-0.0050  0.2200
-0.0050  0.2200
-0.0050  0.2200
-0.0025  0.2700
0.0000  0.3320
0.0025  0.3840
0.0025  0.3840
0.0050  0.4480
0.0050  0.4480
0.0075  0.5280
0.0075  0.5280
0.0075  0.5280
0.0100  0.5820
0.0100  0.5820
0.0100  0.5820
0.0125  0.6480
0.0125  0.6480
0.0125  0.6480
0.0150  0.6920
0.0150  0.6920
0.0150  0.6920
0.0175  0.7400
0.0175  0.7400
0.0175  0.7400
0.0200  0.7840
0.0200  0.7840
0.0200  0.7840
0.0225  0.8200
0.0225  0.8200
0.0225  0.8200
0.0250  0.8460
0.0250  0.8460
0.0250  0.8460
0.0275  0.8780
0.0275  0.8780
0.0275  0.8780
0.0300  0.8920
0.0300  0.8920
0.0325  0.9080
0.0325  0.9080
0.0350  0.9240
0.0350  0.9240
0.0375  0.9360
0.0375  0.9360
0.0375  0.9360
0.0400  0.9480
0.0400  0.9480
0.0425  0.9600
0.0425  0.9600
0.0425  0.9600
0.0450  0.9680
0.0450  0.9680
0.0475  0.9740
0.0475  0.9740
0.0500  0.9780
0.0525  0.9820
0.0525  0.9820
0.0550  0.9860
0.0600  0.9880
0.0625  0.9900
0.0650  0.9940
0.0650  0.9940
0.0675  0.9960
0.0700  0.9980
0.0850  1.0000
};\label{plot:Storey_comp}
\addplot[semithick, solid, color2]
table{%
-0.0551  0.0000
-0.0550  0.0020
-0.0525  0.0040
-0.0475  0.0060
-0.0400  0.0100
-0.0400  0.0100
-0.0325  0.0140
-0.0325  0.0140
-0.0300  0.0240
-0.0300  0.0240
-0.0275  0.0340
-0.0250  0.0400
-0.0250  0.0400
-0.0225  0.0520
-0.0225  0.0520
-0.0225  0.0520
-0.0200  0.0720
-0.0200  0.0720
-0.0200  0.0720
-0.0175  0.0820
-0.0175  0.0820
-0.0150  0.0960
-0.0150  0.0960
-0.0150  0.0960
-0.0125  0.1220
-0.0125  0.1220
-0.0125  0.1220
-0.0100  0.1540
-0.0100  0.1540
-0.0100  0.1540
-0.0075  0.1900
-0.0075  0.1900
-0.0075  0.1900
-0.0050  0.2200
-0.0050  0.2200
-0.0050  0.2200
-0.0025  0.2740
0.0000  0.3260
0.0025  0.3960
0.0025  0.3960
0.0050  0.4540
0.0050  0.4540
0.0075  0.5340
0.0075  0.5340
0.0075  0.5340
0.0100  0.5820
0.0100  0.5820
0.0100  0.5820
0.0125  0.6520
0.0125  0.6520
0.0125  0.6520
0.0150  0.6980
0.0150  0.6980
0.0150  0.6980
0.0175  0.7500
0.0175  0.7500
0.0175  0.7500
0.0200  0.7960
0.0200  0.7960
0.0200  0.7960
0.0225  0.8300
0.0225  0.8300
0.0225  0.8300
0.0250  0.8460
0.0250  0.8460
0.0275  0.8780
0.0275  0.8780
0.0275  0.8780
0.0300  0.8880
0.0300  0.8880
0.0300  0.8880
0.0325  0.9020
0.0325  0.9020
0.0325  0.9020
0.0350  0.9240
0.0350  0.9240
0.0350  0.9240
0.0375  0.9360
0.0375  0.9360
0.0375  0.9360
0.0400  0.9480
0.0400  0.9480
0.0425  0.9600
0.0425  0.9600
0.0425  0.9600
0.0450  0.9660
0.0475  0.9740
0.0475  0.9740
0.0500  0.9780
0.0550  0.9840
0.0575  0.9880
0.0625  0.9920
0.0650  0.9940
0.0675  0.9960
0.0700  0.9980
0.0850  1.0000
};\label{plot:Quantile_comp}
\addplot[semithick, solid, color4]
table{%
-0.0476  0.0000
-0.0475  0.0020
-0.0375  0.0060
-0.0325  0.0080
-0.0300  0.0140
-0.0275  0.0220
-0.0275  0.0220
-0.0250  0.0260
-0.0225  0.0320
-0.0200  0.0460
-0.0200  0.0460
-0.0175  0.0700
-0.0175  0.0700
-0.0150  0.0880
-0.0150  0.0880
-0.0150  0.0880
-0.0125  0.1060
-0.0125  0.1060
-0.0125  0.1060
-0.0100  0.1420
-0.0100  0.1420
-0.0100  0.1420
-0.0075  0.1720
-0.0075  0.1720
-0.0075  0.1720
-0.0050  0.2060
-0.0050  0.2060
-0.0025  0.2620
-0.0025  0.2620
0.0000  0.3200
0.0025  0.3740
0.0025  0.3740
0.0050  0.4380
0.0050  0.4380
0.0075  0.5040
0.0075  0.5040
0.0075  0.5040
0.0100  0.5560
0.0100  0.5560
0.0100  0.5560
0.0125  0.6340
0.0125  0.6340
0.0125  0.6340
0.0150  0.6920
0.0150  0.6920
0.0150  0.6920
0.0175  0.7400
0.0175  0.7400
0.0175  0.7400
0.0200  0.7760
0.0200  0.7760
0.0200  0.7760
0.0225  0.8060
0.0225  0.8060
0.0225  0.8060
0.0250  0.8340
0.0250  0.8340
0.0275  0.8680
0.0275  0.8680
0.0300  0.8840
0.0300  0.8840
0.0300  0.8840
0.0325  0.8980
0.0325  0.8980
0.0325  0.8980
0.0350  0.9160
0.0350  0.9160
0.0375  0.9300
0.0375  0.9300
0.0375  0.9300
0.0400  0.9440
0.0400  0.9440
0.0425  0.9580
0.0425  0.9580
0.0425  0.9580
0.0450  0.9620
0.0475  0.9660
0.0475  0.9660
0.0500  0.9720
0.0500  0.9720
0.0525  0.9780
0.0525  0.9780
0.0550  0.9880
0.0550  0.9880
0.0625  0.9900
0.0650  0.9920
0.0675  0.9960
0.0700  0.9980
0.0850  1.0000
};\label{plot:Sum_comp}
\addplot[semithick, solid, color3]
table{%
-0.0476  0.0000
-0.0475  0.0020
-0.0375  0.0060
-0.0325  0.0100
-0.0300  0.0140
-0.0275  0.0240
-0.0275  0.0240
-0.0275  0.0240
-0.0250  0.0280
-0.0225  0.0420
-0.0225  0.0420
-0.0200  0.0540
-0.0200  0.0540
-0.0200  0.0540
-0.0175  0.0740
-0.0175  0.0740
-0.0150  0.0840
-0.0150  0.0840
-0.0125  0.1080
-0.0125  0.1080
-0.0125  0.1080
-0.0100  0.1340
-0.0100  0.1340
-0.0075  0.1740
-0.0075  0.1740
-0.0075  0.1740
-0.0050  0.2080
-0.0050  0.2080
-0.0025  0.2560
-0.0025  0.2560
0.0000  0.3340
0.0025  0.4020
0.0025  0.4020
0.0050  0.4640
0.0050  0.4640
0.0075  0.5280
0.0075  0.5280
0.0075  0.5280
0.0100  0.5860
0.0100  0.5860
0.0100  0.5860
0.0125  0.6540
0.0125  0.6540
0.0125  0.6540
0.0150  0.7060
0.0150  0.7060
0.0150  0.7060
0.0175  0.7460
0.0175  0.7460
0.0175  0.7460
0.0200  0.7820
0.0200  0.7820
0.0200  0.7820
0.0225  0.8120
0.0225  0.8120
0.0225  0.8120
0.0250  0.8340
0.0250  0.8340
0.0275  0.8700
0.0275  0.8700
0.0275  0.8700
0.0300  0.8820
0.0300  0.8820
0.0300  0.8820
0.0325  0.9040
0.0325  0.9040
0.0325  0.9040
0.0350  0.9280
0.0350  0.9280
0.0375  0.9420
0.0375  0.9420
0.0375  0.9420
0.0400  0.9520
0.0425  0.9660
0.0425  0.9660
0.0425  0.9660
0.0450  0.9700
0.0450  0.9700
0.0475  0.9760
0.0475  0.9760
0.0500  0.9800
0.0525  0.9840
0.0525  0.9840
0.0550  0.9900
0.0650  0.9920
0.0675  0.9940
0.0700  0.9960
0.0750  0.9980
0.0850  1.0000
};\label{plot:Fisher_comp}
