\addplot[mark=square, mark options={solid}, only marks, color6]
table{%
0.00  0.4777
10.00  0.4728
11.00  0.4745
12.00  0.4759
13.00  0.4785
14.00  0.4799
15.00  0.4811
16.00  0.4826
17.00  0.4846
18.00  0.4861
19.00  0.4880
20.00  0.4899
};\label{plot:random}
\addplot[mark=square, mark options={solid}, only marks, color7]
table{%
10.49  0.5129
11.00  0.5147
11.46  0.5159
11.96  0.5170
12.46  0.5178
12.92  0.5190
13.36  0.5195
13.90  0.5210
14.40  0.5221
14.87  0.5227
15.34  0.5228
15.87  0.5224
16.35  0.5231
16.88  0.5234
17.42  0.5241
17.91  0.5245
18.45  0.5251
18.96  0.5253
19.50  0.5255
};\label{plot:oracleth}
\addplot[mark=square, mark options={solid}, only marks, color8]
table{%
10.49  0.4758
11.00  0.4786
11.46  0.4815
11.96  0.4838
12.46  0.4861
12.92  0.4879
13.36  0.4895
13.90  0.4900
14.40  0.4917
14.87  0.4925
15.34  0.4930
15.87  0.4930
16.35  0.4931
16.88  0.4936
17.42  0.4931
17.91  0.4927
18.45  0.4922
18.96  0.4917
19.50  0.4909
};\label{plot:partoracleth}
\addplot[mark=diamond, mark options={solid}, only marks, color1]
table{%
11.12  0.4785
10.40  0.4757
10.07  0.4731
10.02  0.4729
12.37  0.4845
11.58  0.4809
10.72  0.4765
10.41  0.4749
13.69  0.4889
12.78  0.4859
12.01  0.4827
11.29  0.4788
14.89  0.4909
14.01  0.4895
13.21  0.4867
12.59  0.4847
16.10  0.4920
15.34  0.4915
14.61  0.4903
14.17  0.4894
17.10  0.4925
16.53  0.4923
15.93  0.4918
15.49  0.4911
18.14  0.4921
17.59  0.4923
17.08  0.4924
16.85  0.4922
19.05  0.4913
18.62  0.4916
18.28  0.4920
18.03  0.4921
};\label{plot:Storey}
\addplot[mark=diamond, mark options={solid}, only marks, color2]
table{%
12.72  0.4847
11.42  0.4801
10.61  0.4758
10.25  0.4742
13.49  0.4879
12.29  0.4834
11.13  0.4785
10.66  0.4758
14.31  0.4896
13.18  0.4866
11.93  0.4820
11.24  0.4787
15.08  0.4912
14.07  0.4885
12.88  0.4851
12.18  0.4821
16.11  0.4918
15.23  0.4913
14.38  0.4891
13.71  0.4866
19.24  0.4901
17.05  0.4910
15.79  0.4912
15.22  0.4904
20.00  0.4899
20.00  0.4899
19.27  0.4900
18.61  0.4901
20.00  0.4899
20.00  0.4899
20.00  0.4899
20.00  0.4899
};\label{plot:Quantile}
\addplot[mark=diamond, mark options={solid}, only marks, color4]
table{%
11.76  0.4817
10.85  0.4778
10.22  0.4738
10.09  0.4731
12.99  0.4867
11.86  0.4826
10.87  0.4775
10.43  0.4747
14.40  0.4901
13.18  0.4868
12.16  0.4830
11.50  0.4804
15.54  0.4916
14.59  0.4903
13.53  0.4878
12.83  0.4846
16.72  0.4926
15.86  0.4919
15.05  0.4911
14.50  0.4892
17.81  0.4920
17.03  0.4926
16.37  0.4924
15.97  0.4916
18.80  0.4915
18.27  0.4921
17.68  0.4920
17.37  0.4922
19.58  0.4904
19.20  0.4909
18.87  0.4914
18.65  0.4917
};\label{plot:Sum}
\addplot[mark=diamond, mark options={solid}, only marks, color3]
table{%
11.34  0.4798
10.64  0.4769
10.15  0.4736
10.05  0.4729
12.82  0.4862
11.91  0.4823
10.96  0.4778
10.58  0.4760
14.22  0.4895
13.36  0.4877
12.44  0.4837
11.79  0.4805
15.59  0.4911
14.72  0.4894
13.90  0.4883
13.28  0.4863
16.83  0.4915
16.05  0.4911
15.35  0.4904
14.94  0.4895
17.83  0.4920
17.26  0.4916
16.73  0.4917
16.38  0.4907
18.73  0.4915
18.25  0.4916
17.83  0.4920
17.62  0.4918
19.37  0.4905
19.07  0.4910
18.81  0.4914
18.67  0.4915
};\label{plot:Fisher}
