\addplot[mark=square, mark options={solid}, only marks, color6]
table{%
0.00  0.4779
10.00  0.4730
11.00  0.4747
12.00  0.4756
13.00  0.4778
14.00  0.4800
15.00  0.4818
16.00  0.4839
17.00  0.4854
18.00  0.4875
19.00  0.4895
20.00  0.4909
};\label{plot:random}
\addplot[mark=square, mark options={solid}, only marks, color7]
table{%
10.52  0.5121
11.10  0.5140
11.64  0.5159
12.05  0.5174
12.58  0.5184
13.02  0.5191
13.44  0.5200
13.93  0.5204
14.41  0.5213
14.91  0.5222
15.40  0.5233
15.92  0.5234
16.43  0.5234
16.99  0.5241
17.45  0.5245
17.99  0.5251
18.44  0.5256
18.92  0.5256
19.46  0.5257
};\label{plot:oracleth}
\addplot[mark=square, mark options={solid}, only marks, color8]
table{%
10.52  0.4759
11.10  0.4794
11.64  0.4830
12.05  0.4852
12.58  0.4873
13.02  0.4884
13.44  0.4900
13.93  0.4916
14.41  0.4920
14.91  0.4931
15.40  0.4937
15.92  0.4946
16.43  0.4949
16.99  0.4949
17.45  0.4952
17.99  0.4947
18.44  0.4940
18.92  0.4932
19.46  0.4923
};\label{plot:partoracleth}
\addplot[mark=diamond, mark options={solid}, only marks, color1]
table{%
11.62  0.4821
10.77  0.4774
10.21  0.4742
10.08  0.4735
13.32  0.4872
12.24  0.4842
11.27  0.4799
10.87  0.4775
14.99  0.4914
13.94  0.4893
12.98  0.4862
12.29  0.4828
16.49  0.4931
15.53  0.4920
14.55  0.4906
14.02  0.4883
17.75  0.4933
17.01  0.4932
16.31  0.4927
15.89  0.4916
18.70  0.4924
18.25  0.4924
17.70  0.4932
17.36  0.4930
19.45  0.4916
19.19  0.4919
18.79  0.4921
18.57  0.4924
19.87  0.4911
19.73  0.4912
19.55  0.4914
19.42  0.4916
};\label{plot:Storey}
\addplot[mark=diamond, mark options={solid}, only marks, color2]
table{%
12.87  0.4859
11.58  0.4810
10.62  0.4761
10.30  0.4741
13.75  0.4894
12.40  0.4845
11.26  0.4796
10.77  0.4763
14.65  0.4918
13.40  0.4879
12.12  0.4830
11.46  0.4799
15.77  0.4932
14.45  0.4908
13.26  0.4873
12.41  0.4836
17.67  0.4929
16.17  0.4926
14.82  0.4910
14.16  0.4896
19.90  0.4908
18.80  0.4911
17.26  0.4922
16.52  0.4916
20.00  0.4909
20.00  0.4909
19.79  0.4910
19.60  0.4910
20.00  0.4909
20.00  0.4909
20.00  0.4909
20.00  0.4909
};\label{plot:Quantile}
\addplot[mark=diamond, mark options={solid}, only marks, color4]
table{%
12.14  0.4839
11.06  0.4790
10.32  0.4744
10.14  0.4734
13.58  0.4886
12.34  0.4850
11.26  0.4799
10.71  0.4766
15.05  0.4923
13.87  0.4895
12.61  0.4860
11.92  0.4823
16.44  0.4939
15.35  0.4926
14.34  0.4905
13.70  0.4884
17.76  0.4936
16.86  0.4937
15.97  0.4934
15.39  0.4920
18.88  0.4925
18.25  0.4934
17.54  0.4935
17.16  0.4936
19.66  0.4914
19.25  0.4918
18.84  0.4925
18.59  0.4927
19.97  0.4909
19.85  0.4910
19.70  0.4913
19.60  0.4914
};\label{plot:Sum}
\addplot[mark=diamond, mark options={solid}, only marks, color3]
table{%
11.96  0.4833
10.92  0.4784
10.26  0.4742
10.10  0.4733
13.95  0.4891
12.73  0.4865
11.69  0.4819
11.12  0.4789
15.84  0.4932
14.70  0.4904
13.69  0.4886
13.01  0.4864
17.53  0.4932
16.54  0.4934
15.68  0.4923
15.10  0.4903
18.71  0.4919
18.13  0.4920
17.47  0.4926
17.07  0.4928
19.44  0.4914
19.10  0.4917
18.73  0.4918
18.54  0.4919
19.86  0.4910
19.70  0.4910
19.49  0.4913
19.39  0.4915
19.98  0.4908
19.95  0.4909
19.89  0.4909
19.86  0.4910
};\label{plot:Fisher}
