\addplot[semithick, mark=square, mark options={solid}, solid, color2]
table{%
10  0.0000
13  0.0000
16  0.8621
19  0.9277
22  0.9647
25  0.9771
28  0.9849
31  0.9859
34  0.9652
37  0.9772
40  0.9770
43  0.9837
46  0.9844
49  0.9725
52  0.9809
55  0.9818
58  0.9877
61  0.9872
64  0.9765
67  0.9869
70  0.9818
73  0.9897
76  0.9881
79  0.9885
82  0.9815
85  0.9837
88  0.9899
91  0.9901
94  0.9888
97  0.9826
100  0.9862
103  0.9902
106  0.9924
109  0.9908
112  0.9874
115  0.9854
118  0.9931
121  0.9931
124  0.9905
127  0.9912
130  0.9826
133  0.9915
136  0.9920
139  0.9916
142  0.9928
145  0.9928
148  0.9927
151  0.9922
154  0.9923
157  0.9926
160  0.9919
163  0.9918
166  0.9927
169  0.9943
172  0.9905
175  0.9907
178  0.9931
181  0.9929
184  0.9907
187  0.9943
190  0.9941
193  0.9939
196  0.9941
199  0.9943
};\label{plot:Storey}
\addplot[semithick, mark=diamond, mark options={solid}, dashed, color3]
table{%
10  0.0000
13  0.0000
16  0.0000
19  0.0000
22  0.9647
25  0.9624
28  0.9589
31  0.9585
34  0.9554
37  0.9772
40  0.9770
43  0.9738
46  0.9745
49  0.9717
52  0.9809
55  0.9818
58  0.9807
61  0.9786
64  0.9832
67  0.9869
70  0.9818
73  0.9826
76  0.9803
79  0.9859
82  0.9887
85  0.9837
88  0.9825
91  0.9888
94  0.9874
97  0.9880
100  0.9862
103  0.9878
106  0.9886
109  0.9878
112  0.9874
115  0.9854
118  0.9914
121  0.9909
124  0.9869
127  0.9881
130  0.9898
133  0.9897
136  0.9887
139  0.9885
142  0.9911
145  0.9887
148  0.9904
151  0.9894
154  0.9915
157  0.9911
160  0.9902
163  0.9908
166  0.9891
169  0.9918
172  0.9895
175  0.9897
178  0.9899
181  0.9923
184  0.9904
187  0.9923
190  0.9917
193  0.9927
196  0.9914
199  0.9922
};\label{plot:Quantile}
\addplot[semithick, mark=star, mark options={solid}, dotted, color4]
table{%
10  0.0200
13  0.0810
16  0.1755
19  0.3089
22  0.4271
25  0.5412
28  0.6368
31  0.7097
34  0.7678
37  0.8118
40  0.8443
43  0.8723
46  0.8936
49  0.9122
52  0.9248
55  0.9363
58  0.9447
61  0.9506
64  0.9541
67  0.9602
70  0.9625
73  0.9680
76  0.9680
79  0.9736
82  0.9761
85  0.9783
88  0.9786
91  0.9790
94  0.9821
97  0.9841
100  0.9861
103  0.9826
106  0.9858
109  0.9881
112  0.9873
115  0.9869
118  0.9899
121  0.9907
124  0.9885
127  0.9918
130  0.9902
133  0.9902
136  0.9897
139  0.9926
142  0.9923
145  0.9927
148  0.9927
151  0.9916
154  0.9924
157  0.9927
160  0.9926
163  0.9944
166  0.9942
169  0.9944
172  0.9919
175  0.9932
178  0.9950
181  0.9951
184  0.9937
187  0.9959
190  0.9958
193  0.9950
196  0.9947
199  0.9950
};\label{plot:Fisher}
\addplot[semithick, mark=triangle, mark options={solid}, dashdotted, color5]
table{%
10  0.0582
13  0.1109
16  0.1616
19  0.2215
22  0.2783
25  0.3218
28  0.3726
31  0.4090
34  0.4459
37  0.4819
40  0.4968
43  0.5326
46  0.5592
49  0.5787
52  0.5928
55  0.6226
58  0.6311
61  0.6436
64  0.6580
67  0.6680
70  0.6756
73  0.6930
76  0.6940
79  0.7080
82  0.7210
85  0.7244
88  0.7353
91  0.7420
94  0.7494
97  0.7603
100  0.7618
103  0.7680
106  0.7602
109  0.7747
112  0.7757
115  0.7823
118  0.7955
121  0.7980
124  0.7895
127  0.7964
130  0.8107
133  0.8073
136  0.8089
139  0.8121
142  0.8151
145  0.8140
148  0.8163
151  0.8153
154  0.8276
157  0.8266
160  0.8285
163  0.8305
166  0.8349
169  0.8344
172  0.8336
175  0.8394
178  0.8455
181  0.8395
184  0.8399
187  0.8380
190  0.8469
193  0.8436
196  0.8518
199  0.8533
};\label{plot:Linear}
