\addplot[semithick, mark=square, mark options={solid}, solid, color2]
table{%
0.1010  0.0600
0.1115  0.0700
0.1219  0.1020
0.1324  0.1100
0.1429  0.1580
0.1534  0.1920
0.1638  0.2840
0.1743  0.4000
0.1848  0.4460
0.1953  0.5380
0.2057  0.6240
0.2162  0.6700
0.2267  0.7520
0.2372  0.7920
0.2476  0.8520
0.2581  0.8780
0.2686  0.9400
0.2791  0.9500
0.2895  0.9680
0.3000  0.9780
};\label{plot:Storey_m100}
\addplot[semithick, mark=square, mark options={solid}, solid, color3]
table{%
0.1010  0.0460
0.1115  0.0740
0.1219  0.1440
0.1324  0.1840
0.1429  0.2700
0.1534  0.3360
0.1638  0.4820
0.1743  0.5900
0.1848  0.7020
0.1953  0.7760
0.2057  0.8780
0.2162  0.9260
0.2267  0.9660
0.2372  0.9840
0.2476  0.9900
0.2581  0.9940
0.2686  1.0000
0.2791  1.0000
0.2895  1.0000
0.3000  1.0000
};\label{plot:Storey_m275}
\addplot[semithick, mark=square, mark options={solid}, solid, color4]
table{%
0.1010  0.0440
0.1115  0.0940
0.1219  0.1020
0.1324  0.2080
0.1429  0.2880
0.1534  0.4100
0.1638  0.5620
0.1743  0.6800
0.1848  0.7820
0.1953  0.8720
0.2057  0.9180
0.2162  0.9660
0.2267  0.9900
0.2372  0.9960
0.2476  0.9980
0.2581  0.9980
0.2686  1.0000
0.2791  1.0000
0.2895  1.0000
0.3000  1.0000
};\label{plot:Storey_m450}
\addplot[semithick, mark=square, mark options={solid}, solid, color5]
table{%
0.1010  0.0240
0.1115  0.0760
0.1219  0.1540
0.1324  0.2740
0.1429  0.3300
0.1534  0.4520
0.1638  0.5900
0.1743  0.6900
0.1848  0.8360
0.1953  0.9220
0.2057  0.9660
0.2162  0.9880
0.2267  0.9980
0.2372  0.9980
0.2476  1.0000
0.2581  1.0000
0.2686  1.0000
0.2791  1.0000
0.2895  1.0000
0.3000  1.0000
};\label{plot:Storey_m625}
\addplot[semithick, mark=square, mark options={solid}, solid, color6]
table{%
0.1010  0.0480
0.1115  0.0900
0.1219  0.1320
0.1324  0.2020
0.1429  0.3380
0.1534  0.4640
0.1638  0.6220
0.1743  0.7440
0.1848  0.8540
0.1953  0.9460
0.2057  0.9740
0.2162  0.9940
0.2267  0.9980
0.2372  0.9980
0.2476  1.0000
0.2581  1.0000
0.2686  1.0000
0.2791  1.0000
0.2895  1.0000
0.3000  1.0000
};\label{plot:Storey_m800}
\addplot[semithick, mark=diamond, mark options={solid}, dashed, color2]
table{%
0.1010  0.0560
0.1115  0.0700
0.1219  0.1220
0.1324  0.1160
0.1429  0.1440
0.1534  0.1880
0.1638  0.2540
0.1743  0.3380
0.1848  0.3020
0.1953  0.4200
0.2057  0.4460
0.2162  0.5200
0.2267  0.5600
0.2372  0.6600
0.2476  0.7180
0.2581  0.7580
0.2686  0.8100
0.2791  0.8660
0.2895  0.8960
0.3000  0.9200
};\label{plot:Quantile_m100}
\addplot[semithick, mark=diamond, mark options={solid}, dashed, color3]
table{%
0.1010  0.0340
0.1115  0.0580
0.1219  0.0800
0.1324  0.0840
0.1429  0.1480
0.1534  0.1720
0.1638  0.2620
0.1743  0.3200
0.1848  0.4000
0.1953  0.5000
0.2057  0.5400
0.2162  0.6100
0.2267  0.7220
0.2372  0.8180
0.2476  0.8720
0.2581  0.8960
0.2686  0.9440
0.2791  0.9660
0.2895  0.9740
0.3000  0.9920
};\label{plot:Quantile_m275}
\addplot[semithick, mark=diamond, mark options={solid}, dashed, color4]
table{%
0.1010  0.0380
0.1115  0.0860
0.1219  0.0860
0.1324  0.1020
0.1429  0.1760
0.1534  0.2280
0.1638  0.3040
0.1743  0.4180
0.1848  0.4800
0.1953  0.5880
0.2057  0.6480
0.2162  0.7300
0.2267  0.8160
0.2372  0.8700
0.2476  0.9120
0.2581  0.9400
0.2686  0.9760
0.2791  0.9820
0.2895  0.9960
0.3000  1.0000
};\label{plot:Quantile_m450}
\addplot[semithick, mark=diamond, mark options={solid}, dashed, color5]
table{%
0.1010  0.0340
0.1115  0.0520
0.1219  0.0620
0.1324  0.1300
0.1429  0.1380
0.1534  0.2160
0.1638  0.2540
0.1743  0.3340
0.1848  0.4780
0.1953  0.5200
0.2057  0.6260
0.2162  0.7500
0.2267  0.7900
0.2372  0.8620
0.2476  0.9200
0.2581  0.9400
0.2686  0.9720
0.2791  0.9960
0.2895  0.9960
0.3000  1.0000
};\label{plot:Quantile_m625}
\addplot[semithick, mark=diamond, mark options={solid}, dashed, color6]
table{%
0.1010  0.0380
0.1115  0.0540
0.1219  0.0820
0.1324  0.1160
0.1429  0.1600
0.1534  0.2000
0.1638  0.2820
0.1743  0.3160
0.1848  0.4260
0.1953  0.5620
0.2057  0.6520
0.2162  0.7640
0.2267  0.8240
0.2372  0.8600
0.2476  0.9400
0.2581  0.9680
0.2686  0.9820
0.2791  0.9940
0.2895  0.9940
0.3000  0.9980
};\label{plot:Quantile_m800}
\addplot[semithick, mark=star, mark options={solid}, dotted, color2]
table{%
0.1010  0.0460
0.1115  0.0680
0.1219  0.0940
0.1324  0.1220
0.1429  0.1840
0.1534  0.2240
0.1638  0.2940
0.1743  0.4420
0.1848  0.4620
0.1953  0.6000
0.2057  0.6560
0.2162  0.7140
0.2267  0.7380
0.2372  0.8360
0.2476  0.8660
0.2581  0.9060
0.2686  0.9580
0.2791  0.9620
0.2895  0.9820
0.3000  0.9840
};\label{plot:Fisher_m100}
\addplot[semithick, mark=star, mark options={solid}, dotted, color3]
table{%
0.1010  0.0140
0.1115  0.0640
0.1219  0.0860
0.1324  0.1700
0.1429  0.2740
0.1534  0.3060
0.1638  0.4800
0.1743  0.6000
0.1848  0.6860
0.1953  0.8300
0.2057  0.9080
0.2162  0.9240
0.2267  0.9700
0.2372  0.9880
0.2476  0.9940
0.2581  0.9900
0.2686  0.9940
0.2791  1.0000
0.2895  1.0000
0.3000  1.0000
};\label{plot:Fisher_m275}
\addplot[semithick, mark=star, mark options={solid}, dotted, color4]
table{%
0.1010  0.0160
0.1115  0.0600
0.1219  0.0780
0.1324  0.1520
0.1429  0.2580
0.1534  0.3960
0.1638  0.5660
0.1743  0.7140
0.1848  0.8020
0.1953  0.8820
0.2057  0.9300
0.2162  0.9740
0.2267  0.9920
0.2372  0.9920
0.2476  0.9980
0.2581  0.9980
0.2686  1.0000
0.2791  1.0000
0.2895  1.0000
0.3000  1.0000
};\label{plot:Fisher_m450}
\addplot[semithick, mark=star, mark options={solid}, dotted, color5]
table{%
0.1010  0.0180
0.1115  0.0660
0.1219  0.0920
0.1324  0.2300
0.1429  0.2440
0.1534  0.4360
0.1638  0.6140
0.1743  0.7140
0.1848  0.8520
0.1953  0.9240
0.2057  0.9800
0.2162  0.9880
0.2267  0.9940
0.2372  0.9980
0.2476  1.0000
0.2581  1.0000
0.2686  1.0000
0.2791  1.0000
0.2895  1.0000
0.3000  1.0000
};\label{plot:Fisher_m625}
\addplot[semithick, mark=star, mark options={solid}, dotted, color6]
table{%
0.1010  0.0280
0.1115  0.0600
0.1219  0.1020
0.1324  0.1880
0.1429  0.3340
0.1534  0.4340
0.1638  0.6220
0.1743  0.7520
0.1848  0.8540
0.1953  0.9480
0.2057  0.9720
0.2162  0.9880
0.2267  0.9980
0.2372  1.0000
0.2476  1.0000
0.2581  1.0000
0.2686  1.0000
0.2791  1.0000
0.2895  1.0000
0.3000  1.0000
};\label{plot:Fisher_m800}
\addplot[semithick, mark=triangle, mark options={solid}, dashdotted, color2]
table{%
0.1010  0.0320
0.1115  0.0440
0.1219  0.0860
0.1324  0.0780
0.1429  0.1120
0.1534  0.1080
0.1638  0.1480
0.1743  0.2280
0.1848  0.2020
0.1953  0.2620
0.2057  0.2960
0.2162  0.3560
0.2267  0.3640
0.2372  0.4520
0.2476  0.4860
0.2581  0.5880
0.2686  0.6200
0.2791  0.6900
0.2895  0.7060
0.3000  0.7440
};\label{plot:Linear_m100}
\addplot[semithick, mark=triangle, mark options={solid}, dashdotted, color3]
table{%
0.1010  0.0220
0.1115  0.0520
0.1219  0.0680
0.1324  0.0820
0.1429  0.1380
0.1534  0.1260
0.1638  0.1820
0.1743  0.2480
0.1848  0.2980
0.1953  0.3540
0.2057  0.4300
0.2162  0.4840
0.2267  0.5540
0.2372  0.6280
0.2476  0.7120
0.2581  0.7300
0.2686  0.7960
0.2791  0.8680
0.2895  0.9040
0.3000  0.9160
};\label{plot:Linear_m275}
\addplot[semithick, mark=triangle, mark options={solid}, dashdotted, color4]
table{%
0.1010  0.0200
0.1115  0.0600
0.1219  0.0760
0.1324  0.0780
0.1429  0.1040
0.1534  0.1380
0.1638  0.2140
0.1743  0.2840
0.1848  0.3200
0.1953  0.4280
0.2057  0.4900
0.2162  0.5340
0.2267  0.6500
0.2372  0.6540
0.2476  0.7320
0.2581  0.8380
0.2686  0.8540
0.2791  0.9140
0.2895  0.9400
0.3000  0.9640
};\label{plot:Linear_m450}
\addplot[semithick, mark=triangle, mark options={solid}, dashdotted, color5]
table{%
0.1010  0.0240
0.1115  0.0600
0.1219  0.0660
0.1324  0.1180
0.1429  0.0680
0.1534  0.1920
0.1638  0.2280
0.1743  0.2540
0.1848  0.3460
0.1953  0.3940
0.2057  0.4800
0.2162  0.5360
0.2267  0.6160
0.2372  0.7000
0.2476  0.7640
0.2581  0.8140
0.2686  0.8800
0.2791  0.9040
0.2895  0.9560
0.3000  0.9580
};\label{plot:Linear_m625}
\addplot[semithick, mark=triangle, mark options={solid}, dashdotted, color6]
table{%
0.1010  0.0400
0.1115  0.0480
0.1219  0.0780
0.1324  0.0960
0.1429  0.1460
0.1534  0.1680
0.1638  0.2320
0.1743  0.2780
0.1848  0.3000
0.1953  0.4360
0.2057  0.5440
0.2162  0.6240
0.2267  0.6280
0.2372  0.7480
0.2476  0.7780
0.2581  0.8660
0.2686  0.8880
0.2791  0.9360
0.2895  0.9660
0.3000  0.9740
};\label{plot:Linear_m800}
