\addplot[mark=square, mark options={solid}, only marks, color6]
table{%
0.00  0.5950
10.00  0.6802
11.00  0.6838
12.00  0.6878
13.00  0.6910
14.00  0.6939
15.00  0.6963
16.00  0.6984
17.00  0.6998
18.00  0.7017
19.00  0.7028
20.00  0.7046
};\label{plot:random}
\addplot[mark=square, mark options={solid}, only marks, color7]
table{%
10.45  0.6620
10.95  0.6653
11.46  0.6686
11.96  0.6700
12.45  0.6730
12.94  0.6750
13.41  0.6771
13.92  0.6786
14.44  0.6802
14.97  0.6819
15.49  0.6833
15.99  0.6844
16.50  0.6849
17.02  0.6859
17.56  0.6865
18.04  0.6869
18.56  0.6872
19.06  0.6875
19.49  0.6879
};\label{plot:oracleth}
\addplot[mark=square, mark options={solid}, only marks, color8]
table{%
10.45  0.6823
10.95  0.6845
11.46  0.6872
11.96  0.6884
12.45  0.6903
12.94  0.6921
13.41  0.6936
13.92  0.6952
14.44  0.6970
14.97  0.6986
15.49  0.6994
15.99  0.7005
16.50  0.7008
17.02  0.7020
17.56  0.7021
18.04  0.7029
18.56  0.7036
19.06  0.7042
19.49  0.7044
};\label{plot:partoracleth}
\addplot[mark=diamond, mark options={solid}, only marks, color1]
table{%
11.63  0.6864
10.67  0.6827
10.13  0.6806
10.03  0.6801
13.44  0.6931
12.35  0.6895
11.36  0.6854
10.87  0.6831
15.18  0.6979
14.14  0.6948
13.09  0.6916
12.44  0.6891
16.64  0.7009
15.70  0.6987
14.79  0.6961
14.29  0.6942
17.90  0.7028
17.21  0.7017
16.45  0.7001
16.09  0.6987
18.84  0.7036
18.37  0.7033
17.84  0.7027
17.51  0.7020
19.52  0.7044
19.27  0.7039
18.93  0.7035
18.73  0.7036
19.87  0.7047
19.75  0.7046
19.62  0.7046
19.51  0.7044
};\label{plot:Storey}
\addplot[mark=diamond, mark options={solid}, only marks, color2]
table{%
12.73  0.6914
11.51  0.6861
10.69  0.6832
10.38  0.6821
13.65  0.6940
12.26  0.6894
11.22  0.6850
10.79  0.6832
14.60  0.6965
13.29  0.6932
12.03  0.6881
11.40  0.6851
15.75  0.6994
14.41  0.6959
13.07  0.6915
12.31  0.6886
17.75  0.7021
16.20  0.6997
14.89  0.6969
14.08  0.6940
19.96  0.7046
18.86  0.7035
17.32  0.7017
16.56  0.6999
20.00  0.7046
19.98  0.7046
19.92  0.7046
19.68  0.7044
20.00  0.7046
20.00  0.7046
20.00  0.7046
20.00  0.7046
};\label{plot:Quantile}
\addplot[mark=diamond, mark options={solid}, only marks, color4]
table{%
12.02  0.6885
11.01  0.6843
10.29  0.6819
10.08  0.6809
13.40  0.6939
12.27  0.6896
11.18  0.6846
10.74  0.6829
14.97  0.6980
13.71  0.6946
12.56  0.6901
11.91  0.6870
16.44  0.7006
15.37  0.6990
14.20  0.6949
13.48  0.6929
17.70  0.7027
16.82  0.7012
15.98  0.6997
15.43  0.6981
18.82  0.7038
18.12  0.7034
17.44  0.7024
17.10  0.7013
19.60  0.7043
19.24  0.7039
18.76  0.7035
18.52  0.7035
19.96  0.7047
19.85  0.7046
19.66  0.7044
19.50  0.7042
};\label{plot:Sum}
\addplot[mark=diamond, mark options={solid}, only marks, color3]
table{%
11.84  0.6877
10.91  0.6832
10.22  0.6812
10.06  0.6807
13.87  0.6949
12.68  0.6906
11.61  0.6864
11.12  0.6842
15.76  0.6996
14.64  0.6961
13.62  0.6925
12.95  0.6912
17.40  0.7019
16.50  0.7006
15.58  0.6979
15.07  0.6964
18.52  0.7034
17.94  0.7028
17.29  0.7014
16.85  0.7005
19.41  0.7041
19.04  0.7038
18.57  0.7033
18.35  0.7031
19.83  0.7046
19.65  0.7043
19.46  0.7041
19.34  0.7040
19.98  0.7047
19.93  0.7046
19.87  0.7047
19.84  0.7046
};\label{plot:Fisher}
