\addplot[semithick, solid, color7]
table{%
-0.1002  0.0000
-0.1000  0.0020
-0.0960  0.0040
-0.0940  0.0060
-0.0820  0.0080
-0.0780  0.0120
-0.0780  0.0120
-0.0720  0.0140
-0.0700  0.0200
-0.0680  0.0240
-0.0680  0.0240
-0.0660  0.0260
-0.0640  0.0300
-0.0620  0.0320
-0.0600  0.0360
-0.0580  0.0400
-0.0560  0.0420
-0.0540  0.0460
-0.0520  0.0520
-0.0520  0.0520
-0.0500  0.0660
-0.0500  0.0660
-0.0480  0.0700
-0.0480  0.0700
-0.0460  0.0860
-0.0440  0.0960
-0.0440  0.0960
-0.0420  0.1100
-0.0400  0.1260
-0.0400  0.1260
-0.0380  0.1380
-0.0360  0.1600
-0.0360  0.1600
-0.0340  0.1780
-0.0340  0.1780
-0.0320  0.2100
-0.0300  0.2300
-0.0300  0.2300
-0.0280  0.2520
-0.0260  0.2900
-0.0260  0.2900
-0.0240  0.3220
-0.0240  0.3220
-0.0220  0.3440
-0.0220  0.3440
-0.0200  0.3780
-0.0200  0.3780
-0.0180  0.4280
-0.0180  0.4280
-0.0160  0.4620
-0.0160  0.4620
-0.0140  0.5040
-0.0120  0.5500
-0.0120  0.5500
-0.0100  0.5900
-0.0100  0.5900
-0.0080  0.6280
-0.0080  0.6280
-0.0060  0.6580
-0.0060  0.6580
-0.0040  0.7060
-0.0040  0.7060
-0.0020  0.7300
-0.0020  0.7300
0.0000  0.7420
0.0020  0.7720
0.0020  0.7720
0.0040  0.8180
0.0040  0.8180
0.0060  0.8500
0.0060  0.8500
0.0080  0.8760
0.0080  0.8760
0.0100  0.8880
0.0120  0.8980
0.0120  0.8980
0.0140  0.9040
0.0160  0.9180
0.0160  0.9180
0.0180  0.9300
0.0200  0.9340
0.0200  0.9340
0.0220  0.9420
0.0220  0.9420
0.0240  0.9560
0.0260  0.9580
0.0280  0.9680
0.0280  0.9680
0.0300  0.9720
0.0300  0.9720
0.0320  0.9800
0.0360  0.9840
0.0360  0.9840
0.0380  0.9880
0.0400  0.9920
0.0420  0.9940
0.0440  0.9960
0.0480  0.9980
0.0520  1.0000
};\label{plot:oracleth_comp}
\addplot[semithick, solid, color8]
table{%
-0.0661  0.0000
-0.0660  0.0020
-0.0560  0.0040
-0.0540  0.0060
-0.0520  0.0080
-0.0500  0.0100
-0.0480  0.0140
-0.0440  0.0180
-0.0440  0.0180
-0.0400  0.0200
-0.0380  0.0260
-0.0360  0.0300
-0.0360  0.0300
-0.0340  0.0380
-0.0340  0.0380
-0.0320  0.0440
-0.0300  0.0480
-0.0300  0.0480
-0.0280  0.0500
-0.0260  0.0640
-0.0240  0.0660
-0.0220  0.0760
-0.0200  0.1000
-0.0200  0.1000
-0.0180  0.1240
-0.0160  0.1480
-0.0160  0.1480
-0.0140  0.1780
-0.0140  0.1780
-0.0120  0.2200
-0.0120  0.2200
-0.0100  0.2600
-0.0100  0.2600
-0.0080  0.2960
-0.0080  0.2960
-0.0060  0.3440
-0.0060  0.3440
-0.0040  0.3840
-0.0040  0.3840
-0.0020  0.4300
-0.0020  0.4300
0.0000  0.4860
0.0020  0.5280
0.0020  0.5280
0.0040  0.5700
0.0040  0.5700
0.0060  0.6120
0.0060  0.6120
0.0080  0.6620
0.0080  0.6620
0.0100  0.7040
0.0100  0.7040
0.0120  0.7420
0.0120  0.7420
0.0140  0.7820
0.0160  0.8140
0.0160  0.8140
0.0180  0.8480
0.0180  0.8480
0.0200  0.8780
0.0200  0.8780
0.0220  0.8940
0.0220  0.8940
0.0240  0.9000
0.0260  0.9200
0.0260  0.9200
0.0280  0.9280
0.0280  0.9280
0.0300  0.9400
0.0300  0.9400
0.0320  0.9480
0.0340  0.9560
0.0340  0.9560
0.0360  0.9640
0.0380  0.9660
0.0400  0.9720
0.0400  0.9720
0.0420  0.9760
0.0420  0.9760
0.0440  0.9800
0.0460  0.9820
0.0480  0.9840
0.0500  0.9900
0.0500  0.9900
0.0520  0.9940
0.0520  0.9940
0.0540  0.9960
0.0620  0.9980
0.0700  1.0000
};\label{plot:partoracleth_comp}
\addplot[semithick, solid, color1]
table{%
-0.0802  0.0000
-0.0800  0.0020
-0.0700  0.0040
-0.0680  0.0060
-0.0660  0.0080
-0.0540  0.0100
-0.0520  0.0140
-0.0500  0.0180
-0.0500  0.0180
-0.0480  0.0240
-0.0460  0.0260
-0.0440  0.0280
-0.0420  0.0300
-0.0400  0.0340
-0.0380  0.0380
-0.0360  0.0400
-0.0340  0.0460
-0.0340  0.0460
-0.0320  0.0520
-0.0300  0.0680
-0.0300  0.0680
-0.0280  0.0780
-0.0280  0.0780
-0.0260  0.0900
-0.0260  0.0900
-0.0240  0.1040
-0.0240  0.1040
-0.0220  0.1240
-0.0220  0.1240
-0.0200  0.1460
-0.0200  0.1460
-0.0180  0.1740
-0.0180  0.1740
-0.0160  0.2080
-0.0160  0.2080
-0.0140  0.2380
-0.0120  0.2620
-0.0120  0.2620
-0.0100  0.3000
-0.0100  0.3000
-0.0080  0.3380
-0.0080  0.3380
-0.0060  0.3800
-0.0060  0.3800
-0.0040  0.4160
-0.0040  0.4160
-0.0020  0.4460
-0.0020  0.4460
0.0000  0.4940
0.0020  0.5440
0.0020  0.5440
0.0040  0.5860
0.0040  0.5860
0.0060  0.6400
0.0060  0.6400
0.0080  0.6820
0.0080  0.6820
0.0100  0.7100
0.0100  0.7100
0.0120  0.7440
0.0120  0.7440
0.0140  0.7840
0.0160  0.8080
0.0160  0.8080
0.0180  0.8400
0.0180  0.8400
0.0200  0.8580
0.0200  0.8580
0.0220  0.8860
0.0220  0.8860
0.0240  0.9020
0.0240  0.9020
0.0260  0.9220
0.0260  0.9220
0.0280  0.9380
0.0300  0.9520
0.0300  0.9520
0.0320  0.9580
0.0340  0.9660
0.0340  0.9660
0.0360  0.9700
0.0380  0.9720
0.0400  0.9740
0.0420  0.9820
0.0420  0.9820
0.0460  0.9840
0.0480  0.9880
0.0480  0.9880
0.0500  0.9900
0.0540  0.9940
0.0540  0.9940
0.0580  0.9960
0.0600  0.9980
0.0720  1.0000
};\label{plot:Storey_comp}
\addplot[semithick, solid, color2]
table{%
-0.0882  0.0000
-0.0880  0.0020
-0.0720  0.0040
-0.0640  0.0060
-0.0620  0.0080
-0.0600  0.0100
-0.0580  0.0160
-0.0580  0.0160
-0.0560  0.0180
-0.0540  0.0200
-0.0520  0.0240
-0.0500  0.0360
-0.0500  0.0360
-0.0480  0.0420
-0.0480  0.0420
-0.0460  0.0480
-0.0440  0.0520
-0.0440  0.0520
-0.0420  0.0580
-0.0400  0.0600
-0.0380  0.0660
-0.0360  0.0740
-0.0360  0.0740
-0.0340  0.0840
-0.0340  0.0840
-0.0320  0.0980
-0.0320  0.0980
-0.0300  0.1200
-0.0300  0.1200
-0.0280  0.1380
-0.0280  0.1380
-0.0260  0.1620
-0.0260  0.1620
-0.0240  0.1820
-0.0240  0.1820
-0.0220  0.2120
-0.0220  0.2120
-0.0200  0.2400
-0.0200  0.2400
-0.0180  0.2640
-0.0180  0.2640
-0.0160  0.2800
-0.0160  0.2800
-0.0140  0.3220
-0.0140  0.3220
-0.0120  0.3700
-0.0120  0.3700
-0.0100  0.4160
-0.0100  0.4160
-0.0080  0.4620
-0.0080  0.4620
-0.0060  0.4940
-0.0060  0.4940
-0.0040  0.5280
-0.0040  0.5280
-0.0020  0.5520
-0.0020  0.5520
0.0000  0.5880
0.0020  0.6140
0.0020  0.6140
0.0040  0.6560
0.0040  0.6560
0.0060  0.6980
0.0060  0.6980
0.0080  0.7300
0.0080  0.7300
0.0100  0.7560
0.0100  0.7560
0.0120  0.7840
0.0120  0.7840
0.0140  0.8140
0.0160  0.8520
0.0160  0.8520
0.0180  0.8780
0.0180  0.8780
0.0200  0.9000
0.0200  0.9000
0.0220  0.9160
0.0220  0.9160
0.0240  0.9340
0.0240  0.9340
0.0260  0.9440
0.0260  0.9440
0.0280  0.9500
0.0300  0.9560
0.0300  0.9560
0.0320  0.9620
0.0340  0.9740
0.0340  0.9740
0.0360  0.9780
0.0400  0.9800
0.0420  0.9840
0.0480  0.9860
0.0540  0.9920
0.0560  0.9940
0.0580  0.9960
0.0700  0.9980
0.0740  1.0000
};\label{plot:Quantile_comp}
\addplot[semithick, solid, color4]
table{%
-0.0882  0.0000
-0.0880  0.0020
-0.0720  0.0040
-0.0680  0.0060
-0.0620  0.0080
-0.0580  0.0100
-0.0560  0.0120
-0.0540  0.0140
-0.0520  0.0160
-0.0500  0.0220
-0.0500  0.0220
-0.0480  0.0260
-0.0460  0.0280
-0.0420  0.0340
-0.0400  0.0360
-0.0380  0.0440
-0.0360  0.0480
-0.0340  0.0500
-0.0320  0.0560
-0.0320  0.0560
-0.0300  0.0780
-0.0300  0.0780
-0.0280  0.0920
-0.0280  0.0920
-0.0260  0.1040
-0.0260  0.1040
-0.0240  0.1140
-0.0240  0.1140
-0.0220  0.1280
-0.0220  0.1280
-0.0200  0.1580
-0.0200  0.1580
-0.0180  0.1760
-0.0160  0.2060
-0.0160  0.2060
-0.0140  0.2340
-0.0120  0.2660
-0.0120  0.2660
-0.0100  0.3140
-0.0100  0.3140
-0.0080  0.3560
-0.0080  0.3560
-0.0060  0.3940
-0.0060  0.3940
-0.0040  0.4400
-0.0040  0.4400
-0.0020  0.4700
-0.0020  0.4700
0.0000  0.5200
0.0020  0.5640
0.0020  0.5640
0.0040  0.6060
0.0040  0.6060
0.0060  0.6580
0.0060  0.6580
0.0080  0.6900
0.0080  0.6900
0.0100  0.7240
0.0100  0.7240
0.0120  0.7520
0.0120  0.7520
0.0140  0.7880
0.0160  0.8220
0.0160  0.8220
0.0180  0.8460
0.0180  0.8460
0.0200  0.8660
0.0200  0.8660
0.0220  0.8880
0.0220  0.8880
0.0240  0.9080
0.0240  0.9080
0.0260  0.9240
0.0260  0.9240
0.0280  0.9320
0.0280  0.9320
0.0300  0.9420
0.0300  0.9420
0.0320  0.9460
0.0340  0.9600
0.0340  0.9600
0.0360  0.9700
0.0380  0.9720
0.0400  0.9740
0.0420  0.9800
0.0480  0.9860
0.0480  0.9860
0.0500  0.9900
0.0540  0.9920
0.0580  0.9940
0.0640  0.9960
0.0740  1.0000
};\label{plot:Sum_comp}
\addplot[semithick, solid, color3]
table{%
-0.0802  0.0000
-0.0800  0.0020
-0.0660  0.0040
-0.0580  0.0060
-0.0540  0.0080
-0.0520  0.0100
-0.0500  0.0140
-0.0500  0.0140
-0.0480  0.0200
-0.0440  0.0220
-0.0420  0.0260
-0.0380  0.0280
-0.0360  0.0320
-0.0340  0.0340
-0.0320  0.0360
-0.0300  0.0460
-0.0300  0.0460
-0.0280  0.0560
-0.0280  0.0560
-0.0260  0.0660
-0.0240  0.0720
-0.0240  0.0720
-0.0220  0.0820
-0.0220  0.0820
-0.0200  0.1060
-0.0200  0.1060
-0.0180  0.1280
-0.0160  0.1620
-0.0160  0.1620
-0.0140  0.1920
-0.0120  0.2280
-0.0120  0.2280
-0.0100  0.2660
-0.0100  0.2660
-0.0080  0.2940
-0.0080  0.2940
-0.0060  0.3280
-0.0060  0.3280
-0.0040  0.3640
-0.0040  0.3640
-0.0020  0.4120
-0.0020  0.4120
0.0000  0.4640
0.0020  0.5180
0.0020  0.5180
0.0040  0.5540
0.0040  0.5540
0.0060  0.6040
0.0060  0.6040
0.0080  0.6660
0.0080  0.6660
0.0100  0.6980
0.0100  0.6980
0.0120  0.7400
0.0120  0.7400
0.0140  0.7780
0.0160  0.8080
0.0160  0.8080
0.0180  0.8440
0.0200  0.8680
0.0200  0.8680
0.0220  0.8920
0.0220  0.8920
0.0240  0.9040
0.0240  0.9040
0.0260  0.9180
0.0280  0.9300
0.0280  0.9300
0.0300  0.9420
0.0300  0.9420
0.0320  0.9540
0.0320  0.9540
0.0340  0.9640
0.0340  0.9640
0.0400  0.9720
0.0400  0.9720
0.0420  0.9760
0.0420  0.9760
0.0440  0.9820
0.0440  0.9820
0.0460  0.9860
0.0500  0.9880
0.0540  0.9920
0.0540  0.9920
0.0580  0.9940
0.0600  0.9980
0.0920  1.0000
};\label{plot:Fisher_comp}
