\addplot[semithick, solid, color7]
table{%
-0.0158  0.0000
-0.0158  0.0020
-0.0108  0.0040
-0.0100  0.0060
-0.0093  0.0080
-0.0065  0.0100
-0.0057  0.0120
-0.0050  0.0200
-0.0050  0.0200
-0.0043  0.0260
-0.0036  0.0280
-0.0029  0.0320
-0.0021  0.0460
-0.0014  0.0520
-0.0014  0.0520
-0.0007  0.0640
-0.0007  0.0640
0.0000  0.0740
0.0007  0.0800
0.0014  0.1020
0.0014  0.1020
0.0022  0.1160
0.0022  0.1160
0.0029  0.1380
0.0029  0.1380
0.0036  0.1580
0.0036  0.1580
0.0043  0.1720
0.0050  0.1860
0.0050  0.1860
0.0057  0.2100
0.0057  0.2100
0.0065  0.2420
0.0065  0.2420
0.0072  0.2700
0.0072  0.2700
0.0079  0.2920
0.0079  0.2920
0.0086  0.3320
0.0086  0.3320
0.0093  0.3560
0.0093  0.3560
0.0100  0.3780
0.0100  0.3780
0.0108  0.4020
0.0108  0.4020
0.0115  0.4500
0.0115  0.4500
0.0122  0.4820
0.0122  0.4820
0.0129  0.5120
0.0129  0.5120
0.0136  0.5400
0.0136  0.5400
0.0143  0.5660
0.0143  0.5660
0.0151  0.5940
0.0151  0.5940
0.0158  0.6300
0.0158  0.6300
0.0165  0.6600
0.0165  0.6600
0.0172  0.6800
0.0172  0.6800
0.0179  0.7120
0.0179  0.7120
0.0186  0.7400
0.0186  0.7400
0.0194  0.7560
0.0194  0.7560
0.0201  0.7760
0.0208  0.7960
0.0208  0.7960
0.0215  0.8120
0.0215  0.8120
0.0222  0.8280
0.0229  0.8460
0.0229  0.8460
0.0237  0.8580
0.0237  0.8580
0.0244  0.8700
0.0244  0.8700
0.0251  0.8820
0.0251  0.8820
0.0258  0.8980
0.0258  0.8980
0.0265  0.9100
0.0265  0.9100
0.0272  0.9160
0.0280  0.9260
0.0280  0.9260
0.0287  0.9340
0.0287  0.9340
0.0294  0.9440
0.0294  0.9440
0.0308  0.9520
0.0315  0.9560
0.0323  0.9600
0.0337  0.9620
0.0344  0.9640
0.0351  0.9660
0.0358  0.9700
0.0373  0.9740
0.0373  0.9740
0.0380  0.9780
0.0387  0.9820
0.0394  0.9860
0.0401  0.9900
0.0416  0.9920
0.0437  0.9940
0.0466  0.9960
0.0502  0.9980
0.0559  1.0000
};\label{plot:oracleth_comp}
\addplot[semithick, solid, color8]
table{%
-0.0187  0.0000
-0.0186  0.0020
-0.0172  0.0040
-0.0122  0.0060
-0.0115  0.0080
-0.0108  0.0100
-0.0100  0.0140
-0.0100  0.0140
-0.0086  0.0160
-0.0079  0.0240
-0.0079  0.0240
-0.0072  0.0320
-0.0072  0.0320
-0.0065  0.0400
-0.0065  0.0400
-0.0057  0.0460
-0.0057  0.0460
-0.0050  0.0560
-0.0050  0.0560
-0.0043  0.0680
-0.0043  0.0680
-0.0036  0.0800
-0.0036  0.0800
-0.0029  0.0980
-0.0029  0.0980
-0.0021  0.1180
-0.0021  0.1180
-0.0014  0.1280
-0.0014  0.1280
-0.0007  0.1560
-0.0007  0.1560
0.0000  0.1800
0.0007  0.2140
0.0007  0.2140
0.0014  0.2320
0.0014  0.2320
0.0022  0.2640
0.0022  0.2640
0.0029  0.2940
0.0029  0.2940
0.0036  0.3320
0.0036  0.3320
0.0043  0.3580
0.0050  0.3900
0.0050  0.3900
0.0057  0.4280
0.0057  0.4280
0.0065  0.4560
0.0072  0.4820
0.0072  0.4820
0.0079  0.5160
0.0079  0.5160
0.0086  0.5520
0.0086  0.5520
0.0093  0.5980
0.0093  0.5980
0.0100  0.6260
0.0100  0.6260
0.0108  0.6580
0.0108  0.6580
0.0115  0.6860
0.0115  0.6860
0.0122  0.7240
0.0122  0.7240
0.0129  0.7580
0.0129  0.7580
0.0136  0.8020
0.0136  0.8020
0.0143  0.8220
0.0143  0.8220
0.0151  0.8480
0.0151  0.8480
0.0158  0.8740
0.0158  0.8740
0.0165  0.8880
0.0165  0.8880
0.0172  0.9020
0.0172  0.9020
0.0179  0.9140
0.0186  0.9260
0.0186  0.9260
0.0194  0.9300
0.0194  0.9300
0.0201  0.9440
0.0208  0.9540
0.0208  0.9540
0.0215  0.9560
0.0222  0.9580
0.0229  0.9600
0.0237  0.9640
0.0244  0.9660
0.0251  0.9680
0.0258  0.9740
0.0258  0.9740
0.0265  0.9800
0.0272  0.9820
0.0294  0.9840
0.0308  0.9860
0.0315  0.9880
0.0323  0.9900
0.0337  0.9920
0.0351  0.9940
0.0366  0.9960
0.0387  0.9980
0.0401  1.0000
};\label{plot:partoracleth_comp}
\addplot[semithick, solid, color1]
table{%
-0.0316  0.0000
-0.0315  0.0020
-0.0308  0.0040
-0.0272  0.0060
-0.0244  0.0100
-0.0194  0.0120
-0.0186  0.0140
-0.0158  0.0160
-0.0143  0.0200
-0.0143  0.0200
-0.0136  0.0260
-0.0129  0.0320
-0.0129  0.0320
-0.0115  0.0340
-0.0108  0.0400
-0.0100  0.0440
-0.0093  0.0500
-0.0093  0.0500
-0.0086  0.0620
-0.0086  0.0620
-0.0079  0.0720
-0.0079  0.0720
-0.0072  0.0780
-0.0065  0.0820
-0.0065  0.0820
-0.0057  0.0920
-0.0057  0.0920
-0.0050  0.1060
-0.0050  0.1060
-0.0043  0.1220
-0.0043  0.1220
-0.0036  0.1320
-0.0036  0.1320
-0.0029  0.1460
-0.0029  0.1460
-0.0021  0.1680
-0.0021  0.1680
-0.0014  0.1880
-0.0014  0.1880
-0.0007  0.2100
-0.0007  0.2100
0.0000  0.2240
0.0007  0.2500
0.0007  0.2500
0.0014  0.2920
0.0014  0.2920
0.0022  0.3240
0.0022  0.3240
0.0029  0.3420
0.0029  0.3420
0.0036  0.3820
0.0036  0.3820
0.0043  0.4200
0.0050  0.4420
0.0050  0.4420
0.0057  0.4780
0.0057  0.4780
0.0065  0.5040
0.0065  0.5040
0.0072  0.5320
0.0072  0.5320
0.0079  0.5840
0.0079  0.5840
0.0086  0.6200
0.0086  0.6200
0.0093  0.6640
0.0093  0.6640
0.0100  0.7020
0.0100  0.7020
0.0108  0.7320
0.0108  0.7320
0.0115  0.7520
0.0115  0.7520
0.0122  0.7800
0.0122  0.7800
0.0129  0.8100
0.0129  0.8100
0.0136  0.8320
0.0136  0.8320
0.0143  0.8540
0.0143  0.8540
0.0151  0.8740
0.0151  0.8740
0.0158  0.8880
0.0158  0.8880
0.0165  0.9020
0.0165  0.9020
0.0172  0.9240
0.0172  0.9240
0.0179  0.9320
0.0186  0.9380
0.0186  0.9380
0.0194  0.9460
0.0194  0.9460
0.0201  0.9540
0.0208  0.9600
0.0208  0.9600
0.0215  0.9620
0.0222  0.9640
0.0229  0.9700
0.0229  0.9700
0.0237  0.9740
0.0244  0.9800
0.0258  0.9820
0.0265  0.9860
0.0272  0.9900
0.0280  0.9920
0.0315  0.9940
0.0323  0.9960
0.0344  0.9980
0.0366  1.0000
};\label{plot:Storey_comp}
\addplot[semithick, solid, color2]
table{%
-0.0316  0.0000
-0.0315  0.0020
-0.0308  0.0040
-0.0265  0.0060
-0.0244  0.0080
-0.0215  0.0100
-0.0208  0.0120
-0.0194  0.0160
-0.0186  0.0220
-0.0186  0.0220
-0.0172  0.0280
-0.0172  0.0280
-0.0158  0.0300
-0.0151  0.0340
-0.0143  0.0360
-0.0136  0.0440
-0.0136  0.0440
-0.0129  0.0500
-0.0129  0.0500
-0.0122  0.0520
-0.0115  0.0540
-0.0108  0.0620
-0.0100  0.0640
-0.0093  0.0680
-0.0086  0.0820
-0.0086  0.0820
-0.0079  0.0900
-0.0079  0.0900
-0.0072  0.0940
-0.0065  0.1060
-0.0065  0.1060
-0.0057  0.1180
-0.0057  0.1180
-0.0050  0.1260
-0.0043  0.1340
-0.0043  0.1340
-0.0036  0.1460
-0.0036  0.1460
-0.0029  0.1620
-0.0029  0.1620
-0.0021  0.1860
-0.0021  0.1860
-0.0014  0.2020
-0.0014  0.2020
-0.0007  0.2280
-0.0007  0.2280
0.0000  0.2500
0.0007  0.2700
0.0007  0.2700
0.0014  0.3140
0.0014  0.3140
0.0022  0.3580
0.0022  0.3580
0.0029  0.3880
0.0029  0.3880
0.0036  0.4200
0.0036  0.4200
0.0043  0.4460
0.0050  0.4780
0.0050  0.4780
0.0057  0.5100
0.0057  0.5100
0.0065  0.5400
0.0065  0.5400
0.0072  0.5700
0.0072  0.5700
0.0079  0.6100
0.0079  0.6100
0.0086  0.6440
0.0086  0.6440
0.0093  0.6800
0.0093  0.6800
0.0100  0.6980
0.0100  0.6980
0.0108  0.7360
0.0108  0.7360
0.0115  0.7500
0.0115  0.7500
0.0122  0.7740
0.0122  0.7740
0.0129  0.8120
0.0129  0.8120
0.0136  0.8340
0.0136  0.8340
0.0143  0.8560
0.0143  0.8560
0.0151  0.8760
0.0151  0.8760
0.0158  0.8940
0.0158  0.8940
0.0165  0.9120
0.0165  0.9120
0.0172  0.9220
0.0172  0.9220
0.0179  0.9420
0.0179  0.9420
0.0186  0.9480
0.0186  0.9480
0.0194  0.9500
0.0201  0.9560
0.0208  0.9640
0.0208  0.9640
0.0215  0.9660
0.0229  0.9700
0.0237  0.9760
0.0244  0.9820
0.0251  0.9840
0.0258  0.9880
0.0265  0.9920
0.0294  0.9940
0.0330  0.9960
0.0344  1.0000
};\label{plot:Quantile_comp}
\addplot[semithick, solid, color4]
table{%
-0.0316  0.0000
-0.0315  0.0020
-0.0308  0.0040
-0.0272  0.0060
-0.0244  0.0080
-0.0215  0.0100
-0.0194  0.0120
-0.0186  0.0180
-0.0186  0.0180
-0.0143  0.0200
-0.0136  0.0240
-0.0136  0.0240
-0.0129  0.0300
-0.0129  0.0300
-0.0122  0.0320
-0.0115  0.0340
-0.0108  0.0360
-0.0100  0.0420
-0.0100  0.0420
-0.0093  0.0440
-0.0086  0.0540
-0.0086  0.0540
-0.0079  0.0560
-0.0072  0.0580
-0.0065  0.0700
-0.0065  0.0700
-0.0057  0.0820
-0.0057  0.0820
-0.0050  0.0860
-0.0043  0.0980
-0.0036  0.1080
-0.0036  0.1080
-0.0029  0.1260
-0.0029  0.1260
-0.0021  0.1420
-0.0021  0.1420
-0.0014  0.1520
-0.0014  0.1520
-0.0007  0.1720
-0.0007  0.1720
0.0000  0.2000
0.0007  0.2280
0.0007  0.2280
0.0014  0.2560
0.0014  0.2560
0.0022  0.2920
0.0029  0.3180
0.0029  0.3180
0.0036  0.3560
0.0036  0.3560
0.0043  0.3820
0.0050  0.4080
0.0050  0.4080
0.0057  0.4460
0.0057  0.4460
0.0065  0.4820
0.0065  0.4820
0.0072  0.5180
0.0072  0.5180
0.0079  0.5460
0.0079  0.5460
0.0086  0.5800
0.0086  0.5800
0.0093  0.6160
0.0093  0.6160
0.0100  0.6380
0.0100  0.6380
0.0108  0.6640
0.0108  0.6640
0.0115  0.6840
0.0115  0.6840
0.0122  0.7180
0.0122  0.7180
0.0129  0.7540
0.0129  0.7540
0.0136  0.7840
0.0136  0.7840
0.0143  0.8120
0.0143  0.8120
0.0151  0.8400
0.0151  0.8400
0.0158  0.8700
0.0158  0.8700
0.0165  0.8880
0.0165  0.8880
0.0172  0.9000
0.0172  0.9000
0.0179  0.9080
0.0179  0.9080
0.0186  0.9180
0.0186  0.9180
0.0194  0.9260
0.0194  0.9260
0.0201  0.9380
0.0208  0.9520
0.0208  0.9520
0.0215  0.9560
0.0215  0.9560
0.0229  0.9640
0.0229  0.9640
0.0237  0.9680
0.0244  0.9740
0.0251  0.9760
0.0258  0.9780
0.0265  0.9820
0.0272  0.9840
0.0280  0.9880
0.0280  0.9880
0.0287  0.9900
0.0315  0.9940
0.0323  0.9960
0.0344  0.9980
0.0366  1.0000
};\label{plot:Sum_comp}
\addplot[semithick, solid, color3]
table{%
-0.0316  0.0000
-0.0315  0.0020
-0.0308  0.0060
-0.0308  0.0060
-0.0272  0.0080
-0.0265  0.0100
-0.0244  0.0120
-0.0186  0.0140
-0.0136  0.0200
-0.0136  0.0200
-0.0129  0.0220
-0.0122  0.0240
-0.0115  0.0280
-0.0108  0.0340
-0.0108  0.0340
-0.0100  0.0380
-0.0093  0.0420
-0.0086  0.0500
-0.0086  0.0500
-0.0079  0.0520
-0.0072  0.0580
-0.0065  0.0640
-0.0065  0.0640
-0.0057  0.0740
-0.0057  0.0740
-0.0050  0.0800
-0.0043  0.0880
-0.0043  0.0880
-0.0036  0.0960
-0.0036  0.0960
-0.0029  0.1120
-0.0029  0.1120
-0.0021  0.1340
-0.0021  0.1340
-0.0014  0.1400
-0.0014  0.1400
-0.0007  0.1560
-0.0007  0.1560
0.0000  0.1720
0.0007  0.2000
0.0007  0.2000
0.0014  0.2360
0.0014  0.2360
0.0022  0.2700
0.0022  0.2700
0.0029  0.3000
0.0029  0.3000
0.0036  0.3400
0.0036  0.3400
0.0043  0.3660
0.0043  0.3660
0.0050  0.3860
0.0050  0.3860
0.0057  0.4320
0.0057  0.4320
0.0065  0.4560
0.0065  0.4560
0.0072  0.4920
0.0072  0.4920
0.0079  0.5400
0.0079  0.5400
0.0086  0.5680
0.0093  0.6100
0.0093  0.6100
0.0100  0.6360
0.0100  0.6360
0.0108  0.6740
0.0108  0.6740
0.0115  0.7020
0.0115  0.7020
0.0122  0.7320
0.0122  0.7320
0.0129  0.7660
0.0129  0.7660
0.0136  0.7940
0.0136  0.7940
0.0143  0.8120
0.0143  0.8120
0.0151  0.8420
0.0151  0.8420
0.0158  0.8680
0.0165  0.8820
0.0165  0.8820
0.0172  0.9000
0.0172  0.9000
0.0179  0.9120
0.0179  0.9120
0.0186  0.9200
0.0186  0.9200
0.0194  0.9320
0.0194  0.9320
0.0201  0.9480
0.0208  0.9540
0.0208  0.9540
0.0222  0.9560
0.0229  0.9660
0.0229  0.9660
0.0237  0.9700
0.0244  0.9780
0.0258  0.9820
0.0265  0.9840
0.0280  0.9880
0.0280  0.9880
0.0294  0.9900
0.0315  0.9920
0.0330  0.9940
0.0337  0.9960
0.0344  0.9980
0.0366  1.0000
};\label{plot:Fisher_comp}
