\addplot[mark=square, mark options={solid}, only marks, color6]
table{%
0.00  0.6947
10.00  0.8111
11.00  0.8163
12.00  0.8205
13.00  0.8245
14.00  0.8280
15.00  0.8315
16.00  0.8342
17.00  0.8368
18.00  0.8395
19.00  0.8419
20.00  0.8439
};\label{plot:random}
\addplot[mark=square, mark options={solid}, only marks, color7]
table{%
10.51  0.8244
11.02  0.8280
11.57  0.8315
12.11  0.8343
12.57  0.8367
13.09  0.8391
13.58  0.8411
14.11  0.8429
14.58  0.8445
15.08  0.8457
15.55  0.8469
16.04  0.8480
16.56  0.8488
17.06  0.8497
17.57  0.8503
18.04  0.8508
18.56  0.8514
19.02  0.8518
19.50  0.8519
};\label{plot:oracleth}
\addplot[mark=square, mark options={solid}, only marks, color8]
table{%
10.51  0.8156
11.02  0.8197
11.57  0.8238
12.11  0.8270
12.57  0.8295
13.09  0.8324
13.58  0.8345
14.11  0.8366
14.58  0.8382
15.08  0.8397
15.55  0.8410
16.04  0.8420
16.56  0.8428
17.06  0.8435
17.57  0.8442
18.04  0.8445
18.56  0.8446
19.02  0.8447
19.50  0.8444
};\label{plot:partoracleth}
\addplot[mark=diamond, mark options={solid}, only marks, color1]
table{%
11.36  0.8208
10.54  0.8152
10.16  0.8121
10.07  0.8116
13.02  0.8298
11.97  0.8240
10.98  0.8173
10.61  0.8145
14.49  0.8361
13.56  0.8323
12.70  0.8270
11.92  0.8217
15.80  0.8403
14.87  0.8373
14.07  0.8335
13.51  0.8298
16.96  0.8426
16.26  0.8412
15.52  0.8388
15.12  0.8364
17.99  0.8437
17.39  0.8430
16.85  0.8421
16.57  0.8411
18.92  0.8441
18.51  0.8439
18.02  0.8437
17.77  0.8433
19.58  0.8442
19.34  0.8443
19.06  0.8442
18.86  0.8441
};\label{plot:Storey}
\addplot[mark=diamond, mark options={solid}, only marks, color2]
table{%
12.76  0.8281
11.43  0.8207
10.51  0.8142
10.28  0.8128
13.58  0.8322
12.34  0.8258
11.09  0.8177
10.59  0.8143
14.52  0.8362
13.28  0.8307
12.02  0.8227
11.35  0.8184
15.50  0.8396
14.27  0.8350
13.09  0.8285
12.29  0.8235
16.96  0.8423
15.79  0.8399
14.69  0.8361
13.97  0.8320
19.76  0.8437
18.18  0.8427
16.64  0.8407
16.00  0.8390
20.00  0.8439
19.98  0.8438
19.59  0.8433
19.28  0.8430
20.00  0.8439
20.00  0.8439
20.00  0.8439
20.00  0.8439
};\label{plot:Quantile}
\addplot[mark=diamond, mark options={solid}, only marks, color4]
table{%
11.97  0.8242
10.90  0.8177
10.27  0.8129
10.11  0.8117
13.42  0.8319
12.17  0.8251
11.06  0.8178
10.56  0.8145
14.77  0.8374
13.64  0.8327
12.48  0.8258
11.72  0.8207
16.17  0.8412
15.08  0.8382
14.06  0.8339
13.35  0.8293
17.26  0.8431
16.47  0.8420
15.59  0.8392
15.13  0.8371
18.33  0.8440
17.64  0.8435
16.96  0.8425
16.67  0.8418
19.29  0.8442
18.77  0.8443
18.25  0.8439
17.96  0.8436
19.86  0.8440
19.61  0.8442
19.35  0.8442
19.20  0.8442
};\label{plot:Sum}
\addplot[mark=diamond, mark options={solid}, only marks, color3]
table{%
11.65  0.8226
10.73  0.8166
10.20  0.8125
10.07  0.8115
13.49  0.8321
12.43  0.8269
11.33  0.8192
10.84  0.8160
15.09  0.8380
14.09  0.8344
13.12  0.8293
12.46  0.8248
16.46  0.8414
15.64  0.8392
14.81  0.8363
14.25  0.8328
17.75  0.8430
17.01  0.8420
16.33  0.8408
15.97  0.8389
18.72  0.8438
18.21  0.8435
17.68  0.8428
17.45  0.8422
19.42  0.8441
19.09  0.8440
18.76  0.8437
18.59  0.8436
19.85  0.8440
19.71  0.8441
19.53  0.8440
19.43  0.8440
};\label{plot:Fisher}
